;ID0;ID1;ID2;ID3;ID4;ID5;ID6;ID7;ID8;ID9;ID10;ID11;ID12;ID13;ID14;ID15;ID16;ID17;ID18;ID19;ID20;ID21;ID22;ID23;ID24;ID25;ID26;ID27;ID28;ID29;ID30;ID31;ID32;ID33;ID34;ID35;ID36;ID37;ID38;ID39;ID40;ID41;ID42;ID43;ID44;ID45;ID46;ID47;ID48;ID49;ID50;ID51;ID52;ID53;ID54;ID55;ID56;ID57;ID58;ID59;ID60;ID61;ID62;ID63;ID64;ID65;ID66;ID67;ID68;ID69;ID70;ID71;ID72;ID73;ID74;ID75;ID76;ID77;ID78;ID79;ID80;ID81;ID82;ID83;ID84;ID85;ID86;ID87;ID88;ID89
ID0;0.000000;0.979870;0.958002;0.824817;0.839406;0.976219;0.906215;0.977920;0.966313;0.977653;0.982178;0.983020;0.981543;0.983954;0.973071;0.954140;0.965824;0.963573;0.834630;0.829238;0.976800;0.956906;0.848260;0.980787;0.921894;0.986755;0.962085;0.953960;0.984169;0.956255;0.967473;0.976332;0.966657;0.964411;0.978765;0.943057;0.975807;0.977522;0.979386;0.977866;0.990969;0.985150;0.981032;0.991163;0.966294;0.988524;0.989826;0.972706;0.962872;0.965855;0.971735;0.999617;0.998692;0.980926;0.989631;0.969060;0.983302;0.983139;0.986205;0.982863;0.981205;0.997073;0.978501;0.987713;0.984085;0.982500;0.980223;0.980236;0.988680;0.980113;0.990186;0.986682;0.976782;0.987796;0.998976;0.970941;0.987976;0.999793;0.982682;0.997255;0.997299;0.979186;0.994347;0.995718;0.976713;0.983432;0.978937;0.976139;0.985637;0.981877
ID1;0.979870;0.000000;0.904701;0.980386;0.971072;0.583595;0.951564;0.902781;0.917408;0.932993;0.980792;0.966819;0.964860;0.956391;0.958767;0.953153;0.947683;0.957573;0.975999;0.974577;0.733076;0.920868;0.977870;0.739792;0.979343;0.736939;0.934636;0.946958;0.969280;0.949655;0.957164;0.923813;0.948277;0.939134;0.940031;0.922450;0.938605;0.931457;0.973630;0.969369;0.987052;0.981223;0.981680;0.994344;0.976870;0.984693;0.987924;0.970149;0.977372;0.973749;0.984622;0.999456;0.998448;0.975003;0.988398;0.977481;0.981613;0.983803;0.984009;0.981430;0.980696;0.997024;0.980205;0.987024;0.982369;0.981985;0.978455;0.980219;0.989648;0.980321;0.989957;0.986188;0.975739;0.986299;0.999132;0.976789;0.988903;0.999805;0.982094;0.997302;0.997176;0.979156;0.994692;0.994858;0.971982;0.979329;0.977610;0.978072;0.987226;0.982938
ID2;0.958002;0.904701;0.000000;0.967655;0.916021;0.920740;0.956316;0.937675;0.931218;0.944139;0.958979;0.952476;0.957868;0.955122;0.950929;0.910704;0.942887;0.885888;0.968012;0.928861;0.939041;0.838076;0.953770;0.942769;0.956291;0.961924;0.933401;0.908835;0.968187;0.896407;0.943432;0.950107;0.954016;0.910251;0.962744;0.906346;0.947734;0.958591;0.950050;0.937932;0.955675;0.965274;0.969955;0.985098;0.961316;0.944999;0.967898;0.935410;0.947081;0.944055;0.950202;0.997735;0.995769;0.955200;0.974911;0.943511;0.966411;0.959588;0.975602;0.968383;0.961628;0.991897;0.956806;0.974220;0.970943;0.968225;0.962711;0.968909;0.976629;0.968031;0.973765;0.968555;0.947683;0.970446;0.997343;0.958090;0.979480;0.999418;0.973388;0.992655;0.993443;0.961837;0.982249;0.981055;0.942682;0.956844;0.956199;0.955398;0.978071;0.963056
ID3;0.824817;0.980386;0.967655;0.000000;0.857621;0.976538;0.889364;0.977833;0.960524;0.978360;0.985712;0.986093;0.976494;0.984645;0.974313;0.961391;0.965991;0.972671;0.740650;0.871844;0.978594;0.964787;0.807876;0.975017;0.930322;0.984425;0.958080;0.959729;0.976687;0.961798;0.968628;0.977919;0.964623;0.972442;0.972596;0.953966;0.974227;0.972375;0.980897;0.978208;0.992369;0.986486;0.981420;0.994333;0.970864;0.990346;0.991539;0.972407;0.971069;0.967822;0.980875;0.999677;0.998975;0.980916;0.991000;0.976577;0.984822;0.984856;0.986098;0.982835;0.982098;0.997593;0.979752;0.988791;0.984339;0.983228;0.981528;0.979307;0.990334;0.980145;0.991326;0.988342;0.979277;0.989276;0.999216;0.972484;0.989835;0.999837;0.982722;0.997747;0.997763;0.981230;0.995619;0.996511;0.963787;0.983366;0.981049;0.977531;0.985706;0.983905
ID4;0.839406;0.971072;0.916021;0.857621;0.000000;0.967871;0.943253;0.969565;0.948906;0.971655;0.974404;0.974667;0.971898;0.977360;0.961671;0.913635;0.939552;0.936099;0.894823;0.722025;0.972003;0.914392;0.886905;0.971961;0.926585;0.980244;0.941424;0.913132;0.976861;0.911146;0.948827;0.963389;0.940843;0.935721;0.971299;0.881345;0.966257;0.970235;0.967282;0.963028;0.985691;0.976084;0.969978;0.984651;0.940055;0.979683;0.984131;0.952755;0.926508;0.941820;0.937365;0.999393;0.998174;0.969337;0.983025;0.942058;0.974387;0.968908;0.978475;0.970826;0.972898;0.995337;0.960225;0.980523;0.974841;0.970259;0.969399;0.969415;0.979183;0.968733;0.983774;0.978633;0.961364;0.981617;0.998547;0.957322;0.981500;0.999701;0.973192;0.995894;0.996146;0.969208;0.989826;0.992358;0.960585;0.970490;0.967919;0.956838;0.981189;0.973560
ID5;0.976219;0.583595;0.920740;0.976538;0.967871;0.000000;0.944537;0.879280;0.915678;0.932723;0.977863;0.967468;0.961935;0.955330;0.955819;0.949148;0.948326;0.955285;0.971603;0.970722;0.561205;0.902025;0.973183;0.570661;0.974458;0.672016;0.931965;0.943550;0.966472;0.947438;0.954700;0.926885;0.948512;0.940828;0.940485;0.921854;0.938069;0.930564;0.972412;0.969318;0.987301;0.980210;0.980210;0.993863;0.974923;0.983622;0.986462;0.969818;0.975175;0.970880;0.983147;0.999474;0.998323;0.973746;0.987028;0.975509;0.981015;0.983453;0.983401;0.980770;0.978153;0.996709;0.979563;0.986246;0.981456;0.980589;0.975853;0.978375;0.988622;0.978124;0.989676;0.985532;0.974498;0.985192;0.999039;0.974408;0.987736;0.999790;0.980840;0.997105;0.996911;0.976699;0.994501;0.994620;0.968160;0.977076;0.974642;0.977061;0.985415;0.980724
ID6;0.906215;0.951564;0.956316;0.889364;0.943253;0.944537;0.000000;0.937475;0.934859;0.954016;0.974870;0.972870;0.963395;0.966730;0.958286;0.948318;0.962799;0.957702;0.882431;0.935160;0.953264;0.953519;0.857631;0.950652;0.857382;0.948535;0.936361;0.946049;0.973770;0.954149;0.958765;0.963087;0.962804;0.949831;0.941624;0.929324;0.937883;0.924428;0.974468;0.974026;0.989454;0.981030;0.979941;0.992251;0.971951;0.988363;0.986791;0.972415;0.971299;0.966050;0.976210;0.999531;0.998205;0.976006;0.987157;0.971521;0.981625;0.984275;0.984411;0.982031;0.975736;0.996149;0.980822;0.986307;0.981732;0.980807;0.973829;0.976948;0.986770;0.975421;0.990019;0.985746;0.975125;0.985044;0.998726;0.970764;0.986279;0.999741;0.980694;0.996645;0.996506;0.973820;0.994310;0.995545;0.975202;0.981255;0.973726;0.978202;0.980325;0.977423
ID7;0.977920;0.902781;0.937675;0.977833;0.969565;0.879280;0.937475;0.000000;0.897229;0.881303;0.962652;0.950441;0.942600;0.922462;0.943472;0.939307;0.948152;0.936229;0.978304;0.971849;0.944146;0.946529;0.969927;0.935032;0.974202;0.927744;0.920383;0.932931;0.952232;0.938649;0.945159;0.941701;0.958393;0.924536;0.938682;0.922854;0.918877;0.929357;0.967129;0.968389;0.982811;0.975260;0.977895;0.991085;0.974397;0.985029;0.981779;0.969767;0.972446;0.965271;0.976588;0.999238;0.997291;0.969138;0.982481;0.967637;0.978459;0.981685;0.982572;0.980628;0.970234;0.994415;0.977848;0.982934;0.980883;0.979118;0.969822;0.976352;0.983378;0.974478;0.986820;0.982182;0.970796;0.980534;0.998274;0.970808;0.983858;0.999620;0.978789;0.995053;0.994913;0.969159;0.991959;0.993593;0.972988;0.979083;0.966676;0.976099;0.979073;0.973646
ID8;0.966313;0.917408;0.931218;0.960524;0.948906;0.915678;0.934859;0.897229;0.000000;0.867094;0.938573;0.936845;0.886449;0.913185;0.867160;0.888828;0.916786;0.928145;0.966164;0.955397;0.938088;0.932346;0.953410;0.928207;0.964257;0.923652;0.729063;0.884370;0.936351;0.908480;0.890312;0.911281;0.934568;0.912224;0.909324;0.886588;0.891017;0.902648;0.965197;0.964621;0.984302;0.976798;0.971150;0.989556;0.963313;0.983154;0.983116;0.964916;0.961701;0.957624;0.972284;0.999348;0.997699;0.970268;0.984209;0.960778;0.971637;0.973329;0.977993;0.973064;0.955720;0.992879;0.966662;0.980059;0.976797;0.974491;0.960902;0.962160;0.975834;0.960276;0.983596;0.977996;0.962409;0.978810;0.997951;0.952701;0.983329;0.999622;0.973138;0.994747;0.994922;0.961978;0.990871;0.993528;0.967765;0.976721;0.964056;0.965259;0.978213;0.969928
ID9;0.977653;0.932993;0.944139;0.978360;0.971655;0.932723;0.954016;0.881303;0.867094;0.000000;0.952367;0.931224;0.891845;0.756294;0.933681;0.935406;0.947535;0.934328;0.979602;0.972859;0.948498;0.950231;0.969974;0.941310;0.976453;0.948474;0.901793;0.931203;0.881118;0.927074;0.931206;0.928555;0.953442;0.929477;0.918248;0.933342;0.919587;0.922184;0.970910;0.970166;0.984691;0.978417;0.979572;0.991412;0.976021;0.986571;0.982026;0.972961;0.974853;0.967399;0.977580;0.999232;0.997160;0.973839;0.984343;0.968951;0.977520;0.980810;0.982963;0.980589;0.967278;0.993703;0.975299;0.982117;0.980944;0.979369;0.970616;0.975890;0.982839;0.974370;0.985561;0.980418;0.969179;0.979105;0.997933;0.968739;0.984702;0.999608;0.980248;0.994810;0.994629;0.968982;0.991211;0.994316;0.976049;0.982367;0.963489;0.974940;0.979662;0.973424
ID10;0.982178;0.980792;0.958979;0.985712;0.974404;0.977863;0.974870;0.962652;0.938573;0.952367;0.000000;0.923048;0.944548;0.944912;0.873957;0.925358;0.971124;0.939982;0.987901;0.976144;0.982611;0.968558;0.976115;0.984018;0.982648;0.987939;0.925315;0.947412;0.965409;0.950467;0.888176;0.943561;0.977652;0.950308;0.971964;0.957822;0.952697;0.966291;0.978454;0.982649;0.982572;0.985544;0.986633;0.989898;0.984472;0.987803;0.982962;0.981992;0.980739;0.975063;0.972878;0.998855;0.996084;0.983894;0.986970;0.970864;0.982731;0.985160;0.989377;0.988074;0.973219;0.991601;0.985449;0.987698;0.988603;0.988137;0.976939;0.984160;0.982748;0.982218;0.988573;0.985667;0.979060;0.984014;0.997091;0.980076;0.987299;0.999337;0.987010;0.993011;0.992924;0.973494;0.990494;0.993333;0.986872;0.989256;0.976467;0.985180;0.982416;0.974960
ID11;0.983020;0.966819;0.952476;0.986093;0.974667;0.967468;0.972870;0.950441;0.936845;0.931224;0.923048;0.000000;0.937781;0.918979;0.922543;0.940072;0.937614;0.931929;0.986756;0.976311;0.975167;0.962676;0.979017;0.976216;0.982705;0.977680;0.933354;0.948136;0.945975;0.932717;0.915653;0.853445;0.972185;0.945153;0.970400;0.954135;0.953315;0.967503;0.976533;0.979096;0.983077;0.983409;0.985147;0.991757;0.982854;0.987278;0.984244;0.979701;0.979197;0.974306;0.977512;0.999062;0.997293;0.981291;0.986793;0.972232;0.981899;0.982996;0.987658;0.985733;0.974988;0.994107;0.983177;0.986876;0.986534;0.986065;0.976475;0.982973;0.986074;0.981868;0.988096;0.984963;0.976537;0.983827;0.997965;0.978833;0.987726;0.999557;0.985743;0.994650;0.994943;0.975681;0.991827;0.994191;0.984354;0.987101;0.975382;0.982034;0.984543;0.977889
ID12;0.981543;0.964860;0.957868;0.976494;0.971898;0.961935;0.963395;0.942600;0.886449;0.891845;0.944548;0.937781;0.000000;0.804688;0.923422;0.944338;0.966440;0.953855;0.982198;0.974619;0.970066;0.964969;0.971120;0.960678;0.981667;0.970419;0.893141;0.943220;0.821795;0.888132;0.932789;0.947344;0.968636;0.944745;0.939142;0.950060;0.933806;0.937371;0.980188;0.980672;0.988270;0.985295;0.985392;0.992351;0.982535;0.989348;0.986844;0.981811;0.980975;0.976282;0.979711;0.999401;0.997677;0.982214;0.988119;0.975816;0.984961;0.986566;0.988780;0.987457;0.974542;0.994431;0.983850;0.987819;0.988128;0.986369;0.977013;0.982511;0.983332;0.979632;0.989618;0.986551;0.980469;0.985838;0.998265;0.978887;0.988187;0.999628;0.985586;0.995433;0.995394;0.976063;0.993253;0.995065;0.984776;0.987680;0.976397;0.983769;0.982632;0.978446
ID13;0.983954;0.956391;0.955122;0.984645;0.977360;0.955330;0.966730;0.922462;0.913185;0.756294;0.944912;0.918979;0.804688;0.000000;0.937703;0.950571;0.966069;0.950186;0.986257;0.978681;0.965614;0.963347;0.977246;0.959558;0.984083;0.963484;0.925040;0.948083;0.806381;0.890505;0.940216;0.933908;0.969216;0.940127;0.940210;0.951160;0.935083;0.940607;0.980031;0.980409;0.987328;0.984859;0.986368;0.991999;0.983993;0.989192;0.985385;0.982440;0.982554;0.977275;0.979562;0.999248;0.997108;0.982092;0.987558;0.975307;0.984016;0.986401;0.988681;0.987420;0.976236;0.994069;0.983324;0.987327;0.987893;0.986368;0.978880;0.985016;0.985497;0.983001;0.988894;0.985325;0.978786;0.984457;0.998018;0.980328;0.988096;0.999583;0.986512;0.994963;0.994840;0.976707;0.992184;0.994752;0.986154;0.988281;0.975075;0.983186;0.984734;0.979292
ID14;0.973071;0.958767;0.950929;0.974313;0.961671;0.955819;0.958286;0.943472;0.867160;0.933681;0.873957;0.922543;0.923422;0.937703;0.000000;0.848977;0.902752;0.941723;0.973230;0.966405;0.967565;0.951353;0.970859;0.966255;0.971837;0.967459;0.842530;0.913428;0.944247;0.918390;0.818864;0.909463;0.940278;0.940151;0.941184;0.921130;0.927646;0.936597;0.969579;0.968995;0.987596;0.980170;0.975042;0.992171;0.968604;0.986694;0.986487;0.969509;0.968516;0.965197;0.980059;0.999504;0.998299;0.974512;0.987165;0.968863;0.974830;0.976478;0.980102;0.975663;0.964693;0.994782;0.972468;0.983537;0.979515;0.978728;0.968080;0.967381;0.983085;0.968066;0.986861;0.981674;0.967454;0.982669;0.998571;0.963190;0.986376;0.999711;0.976126;0.995714;0.995851;0.968096;0.992882;0.995085;0.971890;0.979585;0.970844;0.969966;0.982916;0.976056
ID15;0.954140;0.953153;0.910704;0.961391;0.913635;0.949148;0.948318;0.939307;0.888828;0.935406;0.925358;0.940072;0.944338;0.950571;0.848977;0.000000;0.887892;0.889604;0.959787;0.932002;0.960715;0.915151;0.954903;0.961005;0.954200;0.965795;0.875586;0.834963;0.956755;0.859532;0.873883;0.921809;0.922154;0.908101;0.942391;0.853093;0.931078;0.940525;0.951896;0.951830;0.979237;0.968921;0.960486;0.986588;0.947815;0.977512;0.978224;0.948768;0.943399;0.941630;0.962283;0.999163;0.997288;0.961209;0.979861;0.943014;0.959946;0.957838;0.969452;0.959561;0.946145;0.991549;0.951238;0.973661;0.967887;0.965743;0.947829;0.947781;0.969859;0.948859;0.978651;0.970627;0.945770;0.972554;0.997673;0.937781;0.978605;0.999551;0.964190;0.993433;0.993769;0.949952;0.987580;0.991724;0.956131;0.967533;0.953418;0.948005;0.974862;0.962438
ID16;0.965824;0.947683;0.942887;0.965991;0.939552;0.948326;0.962799;0.948152;0.916786;0.947535;0.971124;0.937614;0.966440;0.966069;0.902752;0.887892;0.000000;0.908924;0.952511;0.952009;0.962781;0.934852;0.972273;0.960546;0.963369;0.959941;0.901642;0.901130;0.959359;0.884721;0.889867;0.898482;0.874796;0.947102;0.951777;0.894368;0.955851;0.953684;0.962541;0.953606;0.987292;0.975823;0.963831;0.993690;0.950027;0.983916;0.988216;0.951912;0.956492;0.960845;0.983780;0.999550;0.998822;0.966067;0.987498;0.970495;0.970181;0.962934;0.969454;0.955479;0.968265;0.996415;0.951190;0.980278;0.967733;0.967385;0.967728;0.950018;0.986053;0.961664;0.984699;0.979282;0.956688;0.982551;0.999091;0.949233;0.986777;0.999810;0.966500;0.996842;0.997061;0.970710;0.993029;0.994986;0.942998;0.964836;0.968127;0.943148;0.985254;0.979932
ID17;0.963573;0.957573;0.885888;0.972671;0.936099;0.955285;0.957702;0.936229;0.928145;0.934328;0.939982;0.931929;0.953855;0.950186;0.941723;0.889604;0.908924;0.000000;0.973780;0.943022;0.960878;0.916765;0.956800;0.966113;0.961371;0.976315;0.928538;0.902774;0.964002;0.888062;0.934201;0.934964;0.959392;0.905565;0.963661;0.912319;0.946036;0.959394;0.953793;0.959642;0.963821;0.969731;0.971055;0.984033;0.966033;0.972454;0.971063;0.956175;0.953294;0.946522;0.949297;0.998184;0.995117;0.964683;0.975789;0.940472;0.966313;0.961498;0.976863;0.970922;0.955788;0.989435;0.962137;0.974197;0.974527;0.972393;0.957260;0.967746;0.972076;0.965496;0.975516;0.970592;0.952529;0.969834;0.996487;0.958398;0.977861;0.999243;0.974110;0.990823;0.991453;0.956912;0.982836;0.987218;0.965588;0.972995;0.952916;0.961643;0.973689;0.958074
ID18;0.834630;0.975999;0.968012;0.740650;0.894823;0.971603;0.882431;0.978304;0.966164;0.979602;0.987901;0.986756;0.982198;0.986257;0.973230;0.959787;0.952511;0.973780;0.000000;0.825002;0.965213;0.960284;0.825627;0.974630;0.873485;0.982340;0.960428;0.958553;0.981272;0.959702;0.964905;0.975410;0.948864;0.972832;0.967419;0.948686;0.974334;0.963739;0.978369;0.973348;0.993099;0.984901;0.977683;0.994772;0.963347;0.990439;0.992013;0.969319;0.965833;0.968014;0.981869;0.999737;0.999150;0.978173;0.991223;0.977097;0.983448;0.983706;0.983147;0.978046;0.981918;0.997986;0.977068;0.988409;0.980019;0.979866;0.979748;0.973802;0.991840;0.977193;0.991795;0.988254;0.976605;0.989366;0.999368;0.968261;0.989951;0.999861;0.979368;0.998073;0.998082;0.980797;0.996136;0.996857;0.962988;0.979171;0.979842;0.972099;0.987029;0.984900
ID19;0.829238;0.974577;0.928861;0.871844;0.722025;0.970722;0.935160;0.971849;0.955397;0.972859;0.976144;0.976311;0.974619;0.978681;0.966405;0.932002;0.952009;0.943022;0.825002;0.000000;0.972826;0.923708;0.834670;0.975261;0.911181;0.983569;0.949994;0.931008;0.979607;0.931560;0.956820;0.969062;0.953277;0.943207;0.974127;0.909922;0.968641;0.972226;0.971624;0.969114;0.985885;0.979936;0.974429;0.986514;0.951579;0.981981;0.985599;0.960939;0.939674;0.949101;0.946275;0.999399;0.998161;0.974088;0.985294;0.949198;0.977744;0.974972;0.982269;0.976867;0.974635;0.995670;0.968596;0.983055;0.978783;0.975537;0.973134;0.974226;0.983132;0.973356;0.985697;0.981240;0.967267;0.983200;0.998524;0.961870;0.983398;0.999685;0.977255;0.996016;0.996292;0.972245;0.991027;0.993124;0.968110;0.976741;0.971425;0.965590;0.982376;0.974395
ID20;0.976800;0.733076;0.939041;0.978594;0.972003;0.561205;0.953264;0.944146;0.938088;0.948498;0.982611;0.975167;0.970066;0.965614;0.967565;0.960715;0.962781;0.960878;0.965213;0.972826;0.000000;0.870746;0.973187;0.670264;0.974662;0.720940;0.949276;0.956268;0.974364;0.958634;0.965802;0.943316;0.959687;0.949982;0.953428;0.939953;0.949454;0.944782;0.977818;0.973245;0.987860;0.983894;0.983924;0.994586;0.979748;0.985396;0.988115;0.973548;0.979026;0.975000;0.984060;0.999461;0.998326;0.978512;0.989012;0.978204;0.983397;0.985891;0.986136;0.984103;0.981810;0.997076;0.982290;0.987847;0.984061;0.983590;0.980020;0.982790;0.990273;0.982279;0.990611;0.986867;0.977959;0.986907;0.999112;0.979038;0.989247;0.999790;0.984060;0.997190;0.997115;0.980354;0.994880;0.995117;0.976288;0.982691;0.978740;0.980738;0.987218;0.982401
ID21;0.956906;0.920868;0.838076;0.964787;0.914392;0.902025;0.953519;0.946529;0.932346;0.950231;0.968558;0.962676;0.964969;0.963347;0.951353;0.915151;0.934852;0.916765;0.960284;0.923708;0.870746;0.000000;0.955020;0.908752;0.951694;0.936151;0.933603;0.910962;0.970836;0.902074;0.941791;0.951009;0.938894;0.915855;0.957677;0.896918;0.948524;0.953378;0.955606;0.943224;0.969765;0.969607;0.968166;0.988127;0.957314;0.954283;0.975747;0.940151;0.946722;0.946182;0.960833;0.998718;0.997031;0.959427;0.979312;0.951267;0.966604;0.960474;0.973831;0.965886;0.963883;0.993967;0.954743;0.975174;0.969243;0.966779;0.964236;0.965173;0.980442;0.966595;0.976864;0.970909;0.949234;0.973725;0.998183;0.955474;0.980275;0.999566;0.969964;0.994179;0.994741;0.963828;0.985878;0.986463;0.945004;0.959884;0.960170;0.951612;0.979422;0.965803
ID22;0.848260;0.977870;0.953770;0.807876;0.886905;0.973183;0.857631;0.969927;0.953410;0.969974;0.976115;0.979017;0.971120;0.977246;0.970859;0.954903;0.972273;0.956800;0.825627;0.834670;0.973187;0.955020;0.000000;0.972147;0.888003;0.985125;0.956316;0.956677;0.980155;0.961225;0.968061;0.976419;0.972322;0.960669;0.969843;0.953262;0.965187;0.964197;0.976943;0.976810;0.984883;0.984397;0.979825;0.989969;0.969698;0.985514;0.986548;0.969543;0.961584;0.957034;0.962832;0.999267;0.997775;0.978708;0.987797;0.962983;0.982252;0.984094;0.986867;0.984926;0.975979;0.995668;0.980481;0.986311;0.984808;0.983273;0.977496;0.980401;0.986299;0.978095;0.988081;0.984887;0.976631;0.984938;0.998285;0.968645;0.986185;0.999622;0.982774;0.995815;0.995989;0.975117;0.992965;0.993898;0.973192;0.984566;0.976042;0.978982;0.979151;0.974533
ID23;0.980787;0.739792;0.942769;0.975017;0.971961;0.570661;0.950652;0.935032;0.928207;0.941310;0.984018;0.976216;0.960678;0.959558;0.966255;0.961005;0.960546;0.966113;0.974630;0.975261;0.670264;0.908752;0.972147;0.000000;0.979771;0.661860;0.942843;0.953227;0.964983;0.954358;0.962841;0.938523;0.950055;0.946630;0.941125;0.929281;0.938447;0.929452;0.980614;0.975082;0.991014;0.985927;0.985154;0.995140;0.980155;0.987664;0.990067;0.975126;0.981012;0.978287;0.986891;0.999600;0.998725;0.980366;0.990766;0.981233;0.984453;0.986547;0.986820;0.984453;0.983522;0.997407;0.982345;0.989133;0.984978;0.984723;0.982267;0.983521;0.990971;0.983477;0.991649;0.988249;0.979775;0.988648;0.999244;0.980289;0.990892;0.999829;0.985057;0.997568;0.997562;0.982446;0.995553;0.995914;0.976565;0.983419;0.981278;0.981304;0.988592;0.985714
ID24;0.921894;0.979343;0.956291;0.930322;0.926585;0.974458;0.857382;0.974202;0.964257;0.976453;0.982648;0.982705;0.981667;0.984083;0.971837;0.954200;0.963369;0.961371;0.873485;0.911181;0.974662;0.951694;0.888003;0.979771;0.000000;0.984687;0.963754;0.956907;0.983838;0.959175;0.967490;0.976226;0.964094;0.963930;0.968367;0.947257;0.970504;0.957418;0.979093;0.977085;0.989645;0.986178;0.980666;0.993171;0.970216;0.988248;0.990490;0.972788;0.965465;0.967246;0.975397;0.999581;0.998735;0.981057;0.990586;0.973123;0.984007;0.983496;0.987028;0.983392;0.978728;0.997140;0.978712;0.988187;0.984307;0.983032;0.980382;0.979080;0.989828;0.978973;0.990331;0.987022;0.976977;0.988166;0.999049;0.970801;0.989396;0.999790;0.983146;0.997375;0.997593;0.979676;0.994858;0.995750;0.976123;0.984079;0.979424;0.976151;0.987032;0.981117
ID25;0.986755;0.736939;0.961924;0.984425;0.980244;0.672016;0.948535;0.927744;0.923652;0.948474;0.987939;0.977680;0.970419;0.963484;0.967459;0.965795;0.959941;0.976315;0.982340;0.983569;0.720940;0.936151;0.985125;0.661860;0.984687;0.000000;0.944836;0.956627;0.974273;0.959367;0.966593;0.923715;0.940143;0.941266;0.932808;0.918530;0.936133;0.920643;0.985709;0.980568;0.994481;0.989330;0.987780;0.996072;0.982847;0.992103;0.993829;0.981687;0.984797;0.984282;0.990762;0.999770;0.999193;0.985348;0.993559;0.986177;0.987019;0.988546;0.988523;0.986131;0.987668;0.998075;0.985288;0.991690;0.987845;0.987937;0.986610;0.986179;0.992720;0.986694;0.993531;0.990878;0.983916;0.991925;0.999477;0.984390;0.993199;0.999879;0.986988;0.998137;0.998177;0.986452;0.996666;0.997379;0.983576;0.987256;0.987016;0.984393;0.992105;0.990125
ID26;0.962085;0.934636;0.933401;0.958080;0.941424;0.931965;0.936361;0.920383;0.729063;0.901793;0.925315;0.933354;0.893141;0.925040;0.842530;0.875586;0.901642;0.928538;0.960428;0.949994;0.949276;0.933603;0.956316;0.942843;0.963754;0.944836;0.000000;0.863898;0.928172;0.890451;0.853097;0.907163;0.925252;0.917171;0.917952;0.885115;0.906448;0.914586;0.962287;0.961275;0.985019;0.975259;0.968215;0.990226;0.958860;0.983079;0.983264;0.961104;0.959010;0.955325;0.974138;0.999398;0.997901;0.967797;0.984099;0.959913;0.968165;0.969996;0.974872;0.968444;0.955052;0.993233;0.963363;0.979182;0.973457;0.972029;0.957158;0.955975;0.975634;0.956111;0.983755;0.977108;0.958397;0.978337;0.998066;0.949134;0.983023;0.999649;0.969709;0.994877;0.995050;0.959760;0.991130;0.993950;0.963829;0.974078;0.962423;0.960362;0.978527;0.970389
ID27;0.953960;0.946958;0.908835;0.959729;0.913132;0.943550;0.946049;0.932931;0.884370;0.931203;0.947412;0.948136;0.943220;0.948083;0.913428;0.834963;0.901130;0.902774;0.958553;0.931008;0.956268;0.910962;0.956677;0.953227;0.956907;0.956627;0.863898;0.000000;0.955705;0.838004;0.893972;0.925639;0.914192;0.900973;0.936574;0.835366;0.925034;0.934210;0.951120;0.950004;0.980861;0.968056;0.961353;0.986903;0.945721;0.977738;0.978136;0.946982;0.945342;0.942292;0.965312;0.999250;0.997371;0.959626;0.979613;0.945447;0.957732;0.954821;0.967429;0.956126;0.942864;0.990534;0.947372;0.972955;0.965648;0.964014;0.946542;0.946983;0.969661;0.948317;0.978385;0.969579;0.942345;0.972171;0.997681;0.935587;0.978127;0.999578;0.962651;0.993665;0.993942;0.949367;0.987245;0.992063;0.954472;0.966179;0.951311;0.944089;0.974182;0.963310
ID28;0.984169;0.969280;0.968187;0.976687;0.976861;0.966472;0.973770;0.952232;0.936351;0.881118;0.965409;0.945975;0.821795;0.806381;0.944247;0.956755;0.959359;0.964002;0.981272;0.979607;0.974364;0.970836;0.980155;0.964983;0.983838;0.974273;0.928172;0.955705;0.000000;0.844236;0.931587;0.938175;0.964186;0.959464;0.957319;0.958173;0.956311;0.957563;0.980050;0.978975;0.990943;0.986202;0.984624;0.995040;0.981177;0.991540;0.990198;0.981056;0.982182;0.978117;0.986975;0.999613;0.998576;0.981793;0.990540;0.980211;0.983962;0.986282;0.987136;0.984956;0.977187;0.996523;0.982489;0.988402;0.986094;0.985696;0.980327;0.982104;0.990380;0.982229;0.990706;0.986966;0.978202;0.986968;0.998966;0.978200;0.990517;0.999788;0.985111;0.997019;0.997039;0.978749;0.995204;0.996707;0.982869;0.986759;0.977579;0.981246;0.987407;0.983294
ID29;0.956255;0.949655;0.896407;0.961798;0.911146;0.947438;0.954149;0.938649;0.908480;0.927074;0.950467;0.932717;0.888132;0.890505;0.918390;0.859532;0.884721;0.888062;0.959702;0.931560;0.958634;0.902074;0.961225;0.954358;0.959175;0.959367;0.890451;0.838004;0.844236;0.000000;0.892287;0.908880;0.902095;0.891803;0.944068;0.844232;0.934991;0.943828;0.948773;0.946255;0.978623;0.966395;0.961827;0.987751;0.948106;0.975617;0.978379;0.942204;0.946245;0.944292;0.967244;0.999181;0.997585;0.958688;0.978933;0.947841;0.949983;0.929387;0.959635;0.941851;0.954129;0.992290;0.925814;0.966516;0.959251;0.957726;0.953008;0.950110;0.974766;0.956856;0.969637;0.961161;0.922421;0.966583;0.998025;0.945836;0.978501;0.999584;0.961190;0.993154;0.993818;0.952233;0.982175;0.991422;0.951789;0.963097;0.943756;0.921588;0.977054;0.965480
ID30;0.967473;0.957164;0.943432;0.968628;0.948827;0.954700;0.958765;0.945159;0.890312;0.931206;0.888176;0.915653;0.932789;0.940216;0.818864;0.873883;0.889867;0.934201;0.964905;0.956820;0.965802;0.941791;0.968061;0.962841;0.967490;0.966593;0.853097;0.893972;0.931587;0.892287;0.000000;0.865871;0.918640;0.933452;0.941968;0.903408;0.932355;0.939459;0.962421;0.960036;0.986380;0.975797;0.968557;0.991779;0.958607;0.984715;0.985006;0.960702;0.961318;0.958219;0.978961;0.999481;0.998251;0.967638;0.985266;0.964320;0.967974;0.969196;0.973706;0.966365;0.959722;0.994645;0.963247;0.979978;0.972536;0.972514;0.962924;0.958699;0.982615;0.963152;0.984769;0.977884;0.957857;0.979656;0.998643;0.954601;0.984366;0.999702;0.969199;0.995329;0.995492;0.962019;0.991972;0.994707;0.962323;0.973185;0.963848;0.958933;0.980409;0.973349
ID31;0.976332;0.923813;0.950107;0.977919;0.963389;0.926885;0.963087;0.941701;0.911281;0.928555;0.943561;0.853445;0.947344;0.933908;0.909463;0.921809;0.898482;0.934964;0.975410;0.969062;0.943316;0.951009;0.976419;0.938523;0.976226;0.923715;0.907163;0.925639;0.938175;0.908880;0.865871;0.000000;0.939354;0.938781;0.948637;0.922194;0.940629;0.945340;0.969960;0.968896;0.987538;0.979717;0.976627;0.993259;0.970546;0.987103;0.987218;0.969958;0.971651;0.968142;0.982346;0.999503;0.998464;0.974476;0.987535;0.971354;0.975242;0.975605;0.979737;0.974677;0.970718;0.995749;0.972622;0.983957;0.978400;0.978401;0.971045;0.971381;0.986688;0.973968;0.987301;0.982400;0.967496;0.983408;0.998780;0.968016;0.987278;0.999758;0.977330;0.996231;0.996367;0.971928;0.993116;0.995379;0.972211;0.978505;0.971501;0.969557;0.984395;0.979362
ID32;0.966657;0.948277;0.954016;0.964623;0.940843;0.948512;0.962804;0.958393;0.934568;0.953442;0.977652;0.972185;0.968636;0.969216;0.940278;0.922154;0.874796;0.959392;0.948864;0.953277;0.959687;0.938894;0.972322;0.950055;0.964094;0.940143;0.925252;0.914192;0.964186;0.902095;0.918640;0.939354;0.000000;0.817415;0.883667;0.867407;0.934354;0.905261;0.967284;0.957980;0.990162;0.978403;0.965727;0.993967;0.947503;0.986334;0.989932;0.957016;0.959118;0.962704;0.984826;0.999689;0.999048;0.969761;0.988760;0.973517;0.971556;0.966980;0.970991;0.957337;0.970597;0.996796;0.953640;0.981736;0.969147;0.968436;0.970376;0.950344;0.987390;0.962413;0.986535;0.981255;0.960160;0.984565;0.999259;0.952443;0.984850;0.999705;0.954357;0.995613;0.996391;0.967263;0.993893;0.995942;0.948263;0.968123;0.972187;0.945747;0.981063;0.972650
ID33;0.964411;0.939134;0.910251;0.972442;0.935721;0.940828;0.949831;0.924536;0.912224;0.929477;0.950308;0.945153;0.944745;0.940127;0.940151;0.908101;0.947102;0.905565;0.972832;0.943207;0.949982;0.915855;0.960669;0.946630;0.963930;0.941266;0.917171;0.900973;0.959464;0.891803;0.933452;0.938781;0.817415;0.000000;0.918071;0.859311;0.894294;0.916055;0.962356;0.963755;0.975673;0.973697;0.973714;0.985427;0.964596;0.977336;0.977811;0.961072;0.957930;0.952376;0.957299;0.998968;0.996730;0.969087;0.979022;0.950001;0.968826;0.967906;0.978516;0.973293;0.961998;0.990862;0.965604;0.977232;0.975986;0.973480;0.962373;0.969455;0.975267;0.967917;0.979697;0.974049;0.957254;0.974591;0.997566;0.962329;0.975689;0.999128;0.966262;0.989473;0.990775;0.954078;0.986154;0.991027;0.971426;0.977188;0.960851;0.964331;0.968618;0.953819
ID34;0.978765;0.940031;0.962744;0.972596;0.971299;0.940485;0.941624;0.938682;0.909324;0.918248;0.971964;0.970400;0.939142;0.940210;0.941184;0.942391;0.951777;0.963661;0.967419;0.974127;0.953428;0.957677;0.969843;0.941125;0.968367;0.932808;0.917952;0.936574;0.957319;0.944068;0.941968;0.948637;0.883667;0.918071;0.000000;0.869015;0.777071;0.682048;0.975546;0.973909;0.991635;0.983137;0.978669;0.993877;0.971591;0.990077;0.989280;0.974985;0.974835;0.971070;0.984974;0.999672;0.998650;0.977513;0.989537;0.975880;0.979832;0.982714;0.982864;0.979475;0.974562;0.996451;0.977994;0.986652;0.981817;0.981086;0.974626;0.972361;0.987467;0.973072;0.990515;0.985743;0.974073;0.986285;0.999028;0.970424;0.987894;0.999752;0.977042;0.996728;0.996752;0.969883;0.994993;0.996505;0.975715;0.981808;0.976550;0.975502;0.983805;0.979113
ID35;0.943057;0.922450;0.906346;0.953966;0.881345;0.921854;0.929324;0.922854;0.886588;0.933342;0.957822;0.954135;0.950060;0.951160;0.921130;0.853093;0.894368;0.912319;0.948686;0.909922;0.939953;0.896918;0.953262;0.929281;0.947257;0.918530;0.885115;0.835366;0.958173;0.844232;0.903408;0.922194;0.867407;0.859311;0.869015;0.000000;0.872898;0.869228;0.947494;0.944233;0.982522;0.963218;0.956334;0.985644;0.932962;0.976732;0.976421;0.939203;0.938091;0.935177;0.962781;0.999345;0.997406;0.953121;0.976953;0.943898;0.957372;0.953336;0.963990;0.951911;0.952816;0.992840;0.942783;0.971137;0.961026;0.956747;0.949302;0.944218;0.970947;0.946357;0.978154;0.968591;0.939184;0.971806;0.998125;0.936504;0.971443;0.999521;0.950077;0.993464;0.993721;0.936694;0.987064;0.991915;0.946336;0.958874;0.949818;0.936212;0.966306;0.956349
ID36;0.975807;0.938605;0.947734;0.974227;0.966257;0.938069;0.937883;0.918877;0.891017;0.919587;0.952697;0.953315;0.933806;0.935083;0.927646;0.931078;0.955851;0.946036;0.974334;0.968641;0.949454;0.948524;0.965187;0.938447;0.970504;0.936133;0.906448;0.925034;0.956311;0.934991;0.932355;0.940629;0.934354;0.894294;0.777071;0.872898;0.000000;0.758757;0.972595;0.973680;0.987112;0.980658;0.979303;0.990352;0.973277;0.986574;0.984565;0.973827;0.972575;0.966895;0.976075;0.999398;0.997725;0.976026;0.985983;0.967403;0.976961;0.980568;0.983177;0.980721;0.969989;0.994157;0.978021;0.984535;0.982574;0.981450;0.971327;0.975566;0.982735;0.973873;0.987697;0.982578;0.971105;0.982363;0.998275;0.970722;0.984729;0.999567;0.978183;0.994725;0.994838;0.965477;0.992115;0.994578;0.978727;0.982688;0.972518;0.976567;0.979944;0.973137
ID37;0.977522;0.931457;0.958591;0.972375;0.970235;0.930564;0.924428;0.929357;0.902648;0.922184;0.966291;0.967503;0.937371;0.940607;0.936597;0.940525;0.953684;0.959394;0.963739;0.972226;0.944782;0.953378;0.964197;0.929452;0.957418;0.920643;0.914586;0.934210;0.957563;0.943828;0.939459;0.945340;0.905261;0.916055;0.682048;0.869228;0.758757;0.000000;0.975001;0.973950;0.990446;0.982461;0.979050;0.993059;0.972164;0.989061;0.988200;0.974847;0.974057;0.969997;0.982657;0.999612;0.998444;0.977043;0.988616;0.974100;0.979636;0.982414;0.983212;0.980227;0.973421;0.995954;0.978341;0.986096;0.982134;0.981143;0.973802;0.973516;0.986316;0.973270;0.989755;0.985042;0.973833;0.985370;0.998864;0.970746;0.986905;0.999711;0.977537;0.996276;0.996345;0.969750;0.994357;0.996004;0.976630;0.982004;0.975560;0.976212;0.982547;0.977023
ID38;0.979386;0.973630;0.950050;0.980897;0.967282;0.972412;0.974468;0.967129;0.965197;0.970910;0.978454;0.976533;0.980188;0.980031;0.969579;0.951896;0.962541;0.953793;0.978369;0.971624;0.977818;0.955606;0.976943;0.980614;0.979093;0.985709;0.962287;0.951120;0.980050;0.948773;0.962421;0.969960;0.967284;0.962356;0.975546;0.947494;0.972595;0.975001;0.000000;0.851929;0.963703;0.850515;0.909304;0.992600;0.932841;0.975847;0.927610;0.884389;0.968696;0.879907;0.978674;0.998605;0.991439;0.863570;0.932535;0.918589;0.939734;0.974412;0.935520;0.939921;0.958361;0.995102;0.971304;0.957831;0.920959;0.923418;0.921792;0.943303;0.984846;0.949344;0.982286;0.955361;0.912961;0.949772;0.998722;0.945482;0.964785;0.999644;0.949101;0.995282;0.993008;0.950300;0.991379;0.991608;0.945023;0.884293;0.935794;0.946307;0.967208;0.956031
ID39;0.977866;0.969369;0.937932;0.978208;0.963028;0.969318;0.974026;0.968389;0.964621;0.970166;0.982649;0.979096;0.980672;0.980409;0.968995;0.951830;0.953606;0.959642;0.973348;0.969114;0.973245;0.943224;0.976810;0.975082;0.977085;0.980568;0.961275;0.950004;0.978975;0.946255;0.960036;0.968896;0.957980;0.963755;0.973909;0.944233;0.973680;0.973950;0.851929;0.000000;0.973190;0.857723;0.939438;0.993029;0.885389;0.971672;0.928966;0.743502;0.965131;0.868731;0.981135;0.998703;0.993418;0.805320;0.942002;0.927242;0.946031;0.972280;0.936524;0.935824;0.963512;0.995972;0.966843;0.963427;0.918458;0.921895;0.929768;0.938748;0.986666;0.948223;0.982352;0.957726;0.913033;0.955658;0.998951;0.944850;0.967764;0.999728;0.946099;0.996155;0.994866;0.954788;0.992133;0.991376;0.911786;0.849798;0.943687;0.942145;0.971128;0.961696
ID40;0.990969;0.987052;0.955675;0.992369;0.985691;0.987301;0.989454;0.982811;0.984302;0.984691;0.982572;0.983077;0.988270;0.987328;0.987596;0.979237;0.987292;0.963821;0.993099;0.985885;0.987860;0.969765;0.984883;0.991014;0.989645;0.994481;0.985019;0.980861;0.990943;0.978623;0.986380;0.987538;0.990162;0.975673;0.991635;0.982522;0.987112;0.990446;0.963703;0.973190;0.000000;0.969104;0.985775;0.992395;0.987132;0.975222;0.975969;0.977345;0.983489;0.968908;0.973731;0.996613;0.992901;0.975345;0.981831;0.966930;0.982109;0.986523;0.988319;0.988510;0.981490;0.992684;0.986765;0.985251;0.987418;0.985733;0.980131;0.987722;0.988373;0.986653;0.985121;0.983941;0.978113;0.980469;0.997692;0.983430;0.988667;0.999336;0.988951;0.993498;0.992952;0.982370;0.991480;0.989512;0.984153;0.983013;0.981872;0.986092;0.990183;0.979556
ID41;0.985150;0.981223;0.965274;0.986486;0.976084;0.980210;0.981030;0.975260;0.976798;0.978417;0.985544;0.983409;0.985295;0.984859;0.980170;0.968921;0.975823;0.969731;0.984901;0.979936;0.983894;0.969607;0.984397;0.985927;0.986178;0.989330;0.975259;0.968056;0.986202;0.966395;0.975797;0.979717;0.978403;0.973697;0.983137;0.963218;0.980658;0.982461;0.850515;0.857723;0.969104;0.000000;0.941876;0.993386;0.939312;0.980594;0.926090;0.880212;0.979430;0.894953;0.983518;0.998878;0.992540;0.860447;0.930110;0.934651;0.958354;0.981764;0.949850;0.954413;0.971785;0.995808;0.979622;0.961777;0.938216;0.929773;0.934312;0.953969;0.986469;0.958461;0.985808;0.963277;0.930758;0.953787;0.999090;0.961371;0.963289;0.999729;0.955193;0.996100;0.993405;0.958924;0.992669;0.992770;0.946392;0.895805;0.939435;0.957212;0.965739;0.961459
ID42;0.981032;0.981680;0.969955;0.981420;0.969978;0.980210;0.979941;0.977895;0.971150;0.979572;0.986633;0.985147;0.985392;0.986368;0.975042;0.960486;0.963831;0.971055;0.977683;0.974429;0.983924;0.968166;0.979825;0.985154;0.980666;0.987780;0.968215;0.961353;0.984624;0.961827;0.968557;0.976627;0.965727;0.973714;0.978669;0.956334;0.979303;0.979050;0.909304;0.939438;0.985775;0.941876;0.000000;0.993460;0.936828;0.985632;0.975329;0.950548;0.967256;0.932765;0.984273;0.999275;0.996302;0.939907;0.973190;0.941706;0.965087;0.979491;0.961348;0.958392;0.969717;0.996356;0.973490;0.971945;0.957072;0.955101;0.948536;0.953156;0.987952;0.959624;0.986969;0.974413;0.951023;0.969895;0.999088;0.953811;0.980349;0.999800;0.966623;0.996888;0.995881;0.968305;0.994367;0.995052;0.964888;0.955245;0.963749;0.960308;0.983600;0.974963
ID43;0.991163;0.994344;0.985098;0.994333;0.984651;0.993863;0.992251;0.991085;0.989556;0.991412;0.989898;0.991757;0.992351;0.991999;0.992171;0.986588;0.993690;0.984033;0.994772;0.986514;0.994586;0.988127;0.989969;0.995140;0.993171;0.996072;0.990226;0.986903;0.995040;0.987751;0.991779;0.993259;0.993967;0.985427;0.993877;0.985644;0.990352;0.993059;0.992600;0.993029;0.992395;0.993386;0.993460;0.000000;0.973086;0.993782;0.991621;0.992662;0.986739;0.984378;0.982068;0.999181;0.998397;0.993470;0.993384;0.983569;0.994426;0.994065;0.995696;0.995449;0.991389;0.995240;0.993895;0.994506;0.996039;0.994613;0.992072;0.993978;0.991558;0.992292;0.994420;0.993914;0.992625;0.993319;0.998565;0.991168;0.993591;0.999718;0.994886;0.995942;0.995710;0.991185;0.995808;0.996447;0.994781;0.995129;0.992588;0.994286;0.994592;0.991210
ID44;0.966294;0.976870;0.961316;0.970864;0.940055;0.974923;0.971951;0.974397;0.963313;0.976021;0.984472;0.982854;0.982535;0.983993;0.968604;0.947815;0.950027;0.966033;0.963347;0.951579;0.979748;0.957314;0.969698;0.980155;0.970216;0.982847;0.958860;0.945721;0.981177;0.948106;0.958607;0.970546;0.947503;0.964596;0.971591;0.932962;0.973277;0.972164;0.932841;0.885389;0.987132;0.939312;0.936828;0.973086;0.000000;0.985728;0.969205;0.897227;0.943280;0.876050;0.974579;0.999405;0.996896;0.918134;0.969609;0.933322;0.965486;0.976485;0.960432;0.952801;0.966854;0.996367;0.967590;0.974222;0.943004;0.939164;0.942633;0.938415;0.985654;0.944258;0.987250;0.975035;0.947620;0.973631;0.998951;0.932946;0.975420;0.999787;0.953692;0.996913;0.996300;0.960111;0.994227;0.995332;0.934621;0.920648;0.958229;0.950228;0.977156;0.970238
ID45;0.988524;0.984693;0.944999;0.990346;0.979683;0.983622;0.988363;0.985029;0.983154;0.986571;0.987803;0.987278;0.989348;0.989192;0.986694;0.977512;0.983916;0.972454;0.990439;0.981981;0.985396;0.954283;0.985514;0.987664;0.988248;0.992103;0.983079;0.977738;0.991540;0.975617;0.984715;0.987103;0.986334;0.977336;0.990077;0.976732;0.986574;0.989061;0.975847;0.971672;0.975222;0.980594;0.985632;0.993782;0.985728;0.000000;0.982957;0.971616;0.981340;0.974370;0.982902;0.998573;0.997525;0.975533;0.984896;0.977050;0.986303;0.984882;0.988568;0.987309;0.985526;0.995587;0.984197;0.987550;0.988391;0.985871;0.984680;0.987503;0.989995;0.987452;0.987333;0.985753;0.980194;0.985593;0.998891;0.983559;0.989697;0.999740;0.988304;0.996117;0.995874;0.985957;0.992955;0.988714;0.976418;0.977950;0.985388;0.983877;0.991950;0.985719
ID46;0.989826;0.987924;0.967898;0.991539;0.984131;0.986462;0.986791;0.981779;0.983116;0.982026;0.982962;0.984244;0.986844;0.985385;0.986487;0.978224;0.988216;0.971063;0.992013;0.985599;0.988115;0.975747;0.986548;0.990067;0.990490;0.993829;0.983264;0.978136;0.990198;0.978379;0.985006;0.987218;0.989932;0.977811;0.989280;0.976421;0.984565;0.988200;0.927610;0.928966;0.975969;0.926090;0.975329;0.991621;0.969205;0.982957;0.000000;0.929028;0.984406;0.919293;0.981693;0.998168;0.987044;0.928996;0.936581;0.941038;0.973265;0.989287;0.975969;0.979926;0.977022;0.994046;0.989022;0.975576;0.970850;0.967944;0.961094;0.979429;0.987269;0.976589;0.989921;0.973343;0.961170;0.962370;0.998329;0.976666;0.969101;0.999468;0.976695;0.994361;0.990668;0.967141;0.992429;0.991699;0.964704;0.924153;0.958395;0.979014;0.968330;0.960395
ID47;0.972706;0.970149;0.935410;0.972407;0.952755;0.969818;0.972415;0.969767;0.964916;0.972961;0.981992;0.979701;0.981811;0.982440;0.969509;0.948768;0.951912;0.956175;0.969319;0.960939;0.973548;0.940151;0.969543;0.975126;0.972788;0.981687;0.961104;0.946982;0.981056;0.942204;0.960702;0.969958;0.957016;0.961072;0.974985;0.939203;0.973827;0.974847;0.884389;0.743502;0.977345;0.880212;0.950548;0.992662;0.897227;0.971616;0.929028;0.000000;0.959157;0.867027;0.978720;0.998893;0.994719;0.798355;0.937018;0.927765;0.959637;0.974929;0.955544;0.951776;0.967853;0.996478;0.969746;0.968500;0.939234;0.937471;0.944855;0.951347;0.986956;0.952009;0.984868;0.963684;0.926163;0.962038;0.998953;0.947319;0.970060;0.999729;0.953430;0.996452;0.995604;0.960315;0.992541;0.989000;0.922997;0.875151;0.951129;0.951106;0.975512;0.962389
