;ID0;ID1;ID2;ID3;ID4;ID5;ID6;ID7;ID8;ID9;ID10;ID11;ID12;ID13;ID14;ID15;ID16;ID17;ID18;ID19;ID20;ID21;ID22;ID23;ID24;ID25;ID26;ID27;ID28;ID29;ID30;ID31;ID32;ID33;ID34;ID35;ID36;ID37;ID38;ID39;ID40
ID0;0.000000;0.642189;0.713380;0.801626;0.797618;0.753980;0.731199;0.806313;0.815977;0.816836;0.916358;0.907963;0.798842;0.504043;0.835273;0.917645;0.675866;0.915439;0.684355;0.754748;0.733916;0.764177;0.840211;0.774328;0.641996;0.742864;0.612094;0.849956;0.835051;0.859478;0.967183;0.979030;0.954170;0.719376;0.742359;0.828466;0.585068;0.697541;0.968588;0.864582;0.892290
ID1;0.642189;0.000000;0.627676;0.760050;0.762211;0.766098;0.746171;0.823588;0.785970;0.841873;0.938381;0.918806;0.838634;0.626563;0.882950;0.923883;0.563621;0.942719;0.690745;0.786164;0.805389;0.810976;0.801602;0.757267;0.654163;0.819209;0.441529;0.852720;0.820361;0.863008;0.972078;0.984366;0.969826;0.815972;0.756895;0.823808;0.670057;0.707098;0.970368;0.864323;0.922255
ID2;0.713380;0.627676;0.000000;0.662208;0.655538;0.762090;0.696305;0.821796;0.718895;0.841051;0.938833;0.910656;0.830810;0.649385;0.892401;0.851807;0.507951;0.946183;0.649638;0.765450;0.803053;0.797063;0.746385;0.696317;0.646993;0.795359;0.680327;0.790640;0.725722;0.849951;0.969687;0.984476;0.970243;0.831559;0.755309;0.799521;0.660612;0.718183;0.968556;0.855971;0.926651
ID3;0.801626;0.760050;0.662208;0.000000;0.682309;0.729146;0.739389;0.866816;0.769819;0.882928;0.953930;0.895897;0.845721;0.738549;0.928253;0.880020;0.708729;0.962756;0.649457;0.823957;0.847291;0.834088;0.800484;0.787852;0.714267;0.861220;0.806162;0.801930;0.698730;0.881165;0.974136;0.984535;0.974444;0.849521;0.790453;0.777072;0.755862;0.715904;0.974173;0.869599;0.945579
ID4;0.797618;0.762211;0.655538;0.682309;0.000000;0.825465;0.756569;0.812312;0.642402;0.829495;0.936428;0.903191;0.848712;0.771379;0.907365;0.884898;0.727011;0.947225;0.681312;0.832778;0.816460;0.803561;0.712339;0.662483;0.768688;0.821681;0.789667;0.755837;0.734537;0.817811;0.957139;0.982915;0.968462;0.886341;0.767369;0.814522;0.762043;0.831392;0.953580;0.853311;0.931163
ID5;0.753980;0.766098;0.762090;0.729146;0.825465;0.000000;0.669668;0.888228;0.865814;0.908111;0.960824;0.916603;0.867116;0.712332;0.921260;0.883544;0.782793;0.958429;0.705916;0.636908;0.827798;0.826113;0.861533;0.851396;0.732074;0.827442;0.791098;0.824192;0.768043;0.922183;0.981054;0.987171;0.972963;0.796396;0.845972;0.854655;0.760521;0.684022;0.980775;0.896926;0.945049
ID6;0.731199;0.746171;0.696305;0.739389;0.756569;0.669668;0.000000;0.882272;0.785310;0.894722;0.959258;0.931503;0.853431;0.685830;0.916904;0.896858;0.754960;0.958140;0.706286;0.551506;0.826541;0.809465;0.806477;0.780527;0.721285;0.817645;0.782876;0.836704;0.726254;0.910244;0.979773;0.989335;0.975605;0.811344;0.808146;0.838488;0.727173;0.726443;0.978053;0.880020;0.948458
ID7;0.806313;0.823588;0.821796;0.866816;0.812312;0.888228;0.882272;0.000000;0.781188;0.640728;0.812797;0.910972;0.878328;0.837211;0.759084;0.955723;0.810310;0.806161;0.810140;0.902582;0.665543;0.659933;0.804449;0.763047;0.841970;0.859968;0.786024;0.874331;0.902386;0.814257;0.959776;0.952346;0.887950;0.907778;0.794064;0.878213;0.786652;0.890610;0.960250;0.895496;0.790397
ID8;0.815977;0.785970;0.718895;0.769819;0.642402;0.865814;0.785310;0.781188;0.000000;0.792868;0.924977;0.886833;0.834497;0.806441;0.907027;0.936320;0.752438;0.944388;0.771234;0.863355;0.829725;0.818330;0.577105;0.587828;0.789949;0.857717;0.818089;0.846348;0.821379;0.762658;0.956482;0.982981;0.966468;0.904749;0.727633;0.782867;0.787075;0.860762;0.954376;0.840869;0.921008
ID9;0.816836;0.841873;0.841051;0.882928;0.829495;0.908111;0.894722;0.640728;0.792868;0.000000;0.734426;0.876154;0.870629;0.846469;0.798791;0.960300;0.821747;0.860342;0.839699;0.920547;0.758179;0.752187;0.816484;0.720707;0.858149;0.874663;0.808799;0.894933;0.911509;0.715669;0.928101;0.945419;0.919887;0.908493;0.784322;0.869542;0.801195;0.898753;0.930409;0.855939;0.824722
ID10;0.916358;0.938381;0.938833;0.953930;0.936428;0.960824;0.959258;0.812797;0.924977;0.734426;0.000000;0.914091;0.939989;0.937122;0.734103;0.981082;0.934250;0.785621;0.935113;0.969156;0.851449;0.850477;0.923740;0.886960;0.943690;0.939413;0.903475;0.956254;0.964266;0.817491;0.904947;0.873815;0.836990;0.938000;0.894023;0.940946;0.907157;0.956567;0.910817;0.900607;0.763008
ID11;0.907963;0.918806;0.910656;0.895897;0.903191;0.916603;0.931503;0.910972;0.886833;0.876154;0.914091;0.000000;0.898166;0.909945;0.933558;0.967632;0.906590;0.959825;0.900140;0.955022;0.907466;0.908994;0.893947;0.866903;0.908439;0.928028;0.916448;0.926844;0.923032;0.830853;0.939476;0.966127;0.951078;0.928564;0.878548;0.881872;0.894869;0.915182;0.940671;0.711859;0.937655
ID12;0.798842;0.838634;0.830810;0.845721;0.848712;0.867116;0.853431;0.878328;0.834497;0.870629;0.939989;0.898166;0.000000;0.794176;0.928849;0.938363;0.822162;0.962681;0.845632;0.885842;0.878590;0.879910;0.854670;0.824278;0.809805;0.867167;0.849704;0.884699;0.869939;0.860485;0.961341;0.982342;0.966742;0.860541;0.675589;0.701365;0.806663;0.820298;0.963361;0.869176;0.931901
ID13;0.504043;0.626563;0.649385;0.738549;0.771379;0.712332;0.685830;0.837211;0.806441;0.846469;0.937122;0.909945;0.794176;0.000000;0.878866;0.896884;0.636821;0.943255;0.692127;0.736393;0.800253;0.804549;0.827153;0.772740;0.504223;0.808019;0.678972;0.843297;0.785449;0.866198;0.971187;0.985173;0.968726;0.690948;0.743447;0.795094;0.558783;0.601060;0.971320;0.847980;0.925475
ID14;0.835273;0.882950;0.892401;0.928253;0.907365;0.921260;0.916904;0.759084;0.907027;0.798791;0.734103;0.933558;0.928849;0.878866;0.000000;0.961084;0.873273;0.578411;0.882558;0.929211;0.752562;0.757195;0.918203;0.876202;0.892125;0.901453;0.819984;0.928881;0.939977;0.894394;0.957654;0.904984;0.746476;0.890099;0.881421;0.929538;0.825843;0.915188;0.959477;0.921052;0.637296
ID15;0.917645;0.923883;0.851807;0.880020;0.884898;0.883544;0.896858;0.955723;0.936320;0.960300;0.981082;0.967632;0.938363;0.896884;0.961084;0.000000;0.902522;0.981325;0.897073;0.900503;0.932667;0.935395;0.944023;0.936092;0.905535;0.903467;0.925406;0.882188;0.867493;0.967785;0.988719;0.992581;0.986147;0.932127;0.933286;0.932615;0.907827;0.901075;0.988779;0.959162;0.975803
ID16;0.675866;0.563621;0.507951;0.708729;0.727011;0.782793;0.754960;0.810310;0.752438;0.821747;0.934250;0.906590;0.822162;0.636821;0.873273;0.902522;0.000000;0.938224;0.673844;0.809085;0.780414;0.785704;0.779113;0.715229;0.650445;0.815695;0.594307;0.818230;0.790235;0.846869;0.970039;0.983986;0.967351;0.802515;0.757313;0.813326;0.630057;0.702445;0.969425;0.862527;0.916472
ID17;0.915439;0.942719;0.946183;0.962756;0.947225;0.958429;0.958140;0.806161;0.944388;0.860342;0.785621;0.959825;0.962681;0.943255;0.578411;0.981325;0.938224;0.000000;0.937152;0.964610;0.810789;0.803324;0.949168;0.930616;0.952790;0.942020;0.890415;0.958489;0.969855;0.929408;0.969708;0.895648;0.664358;0.947764;0.933638;0.966165;0.909179;0.961967;0.970707;0.958626;0.650026
ID18;0.684355;0.690745;0.649638;0.649457;0.681312;0.705916;0.706286;0.810140;0.771234;0.839699;0.935113;0.900140;0.845632;0.692127;0.882558;0.897073;0.673844;0.937152;0.000000;0.753208;0.745442;0.750658;0.788521;0.742226;0.700996;0.766257;0.721364;0.796054;0.759731;0.859943;0.969203;0.980951;0.966658;0.812584;0.769323;0.819592;0.690105;0.758677;0.969471;0.863334;0.921235
ID19;0.754748;0.786164;0.765450;0.823957;0.832778;0.636908;0.551506;0.902582;0.863355;0.920547;0.969156;0.955022;0.885842;0.736393;0.929211;0.900503;0.809085;0.964610;0.753208;0.000000;0.841824;0.836097;0.863325;0.842923;0.769577;0.815967;0.808038;0.864534;0.761505;0.938436;0.984230;0.991271;0.976958;0.825598;0.845214;0.881506;0.770545;0.763707;0.981379;0.907396;0.956211
ID20;0.733916;0.805389;0.803053;0.847291;0.816460;0.827798;0.826541;0.665543;0.829725;0.758179;0.851449;0.907466;0.878590;0.800253;0.752562;0.932667;0.780414;0.810789;0.745442;0.841824;0.000000;0.524670;0.850376;0.791294;0.829869;0.805964;0.732981;0.858521;0.875004;0.854578;0.963547;0.956148;0.891125;0.861001;0.809340;0.890359;0.744614;0.853480;0.964628;0.900880;0.812956
ID21;0.764177;0.810976;0.797063;0.834088;0.803561;0.826113;0.809465;0.659933;0.818330;0.752187;0.850477;0.908994;0.879910;0.804549;0.757195;0.935395;0.785704;0.803324;0.750658;0.836097;0.524670;0.000000;0.839826;0.784237;0.830534;0.823042;0.755201;0.854148;0.859550;0.858238;0.965787;0.955101;0.890741;0.879581;0.817084;0.885603;0.761033;0.850562;0.966098;0.900988;0.813917
ID22;0.840211;0.801602;0.746385;0.800484;0.712339;0.861533;0.806477;0.804449;0.577105;0.816484;0.923740;0.893947;0.854670;0.827153;0.918203;0.944023;0.779113;0.949168;0.788521;0.863325;0.850376;0.839826;0.000000;0.653625;0.808442;0.850428;0.835620;0.834919;0.826563;0.767574;0.963567;0.981272;0.967457;0.921208;0.769250;0.808936;0.813680;0.874310;0.961622;0.862533;0.923216
ID23;0.774328;0.757267;0.696317;0.787852;0.662483;0.851396;0.780527;0.763047;0.587828;0.720707;0.886960;0.866903;0.824278;0.772740;0.876202;0.936092;0.715229;0.930616;0.742226;0.842923;0.791294;0.784237;0.653625;0.000000;0.760447;0.838287;0.773779;0.844470;0.823139;0.699181;0.933521;0.971284;0.955819;0.881649;0.708113;0.796029;0.735199;0.844184;0.930645;0.819969;0.898173
ID24;0.641996;0.654163;0.646993;0.714267;0.768688;0.732074;0.721285;0.841970;0.789949;0.858149;0.943690;0.908439;0.809805;0.504223;0.892125;0.905535;0.650445;0.952790;0.700996;0.769577;0.829869;0.830534;0.808442;0.760447;0.000000;0.857519;0.735566;0.846335;0.797872;0.865566;0.973905;0.985706;0.971660;0.726472;0.737605;0.758589;0.514531;0.648616;0.973889;0.835147;0.931540
ID25;0.742864;0.819209;0.795359;0.861220;0.821681;0.827442;0.817645;0.859968;0.857717;0.874663;0.939413;0.928028;0.867167;0.808019;0.901453;0.903467;0.815695;0.942020;0.766257;0.815967;0.805964;0.823042;0.850428;0.838287;0.857519;0.000000;0.791431;0.836388;0.836327;0.896230;0.971923;0.984769;0.965649;0.879014;0.858815;0.904662;0.825290;0.854685;0.973950;0.914436;0.916296
ID26;0.612094;0.441529;0.680327;0.806162;0.789667;0.791098;0.782876;0.786024;0.818089;0.808799;0.903475;0.916448;0.849704;0.678972;0.819984;0.925406;0.594307;0.890415;0.721364;0.808038;0.732981;0.755201;0.835620;0.773779;0.735566;0.791431;0.000000;0.860449;0.836823;0.859465;0.967292;0.975268;0.943697;0.826565;0.779495;0.861486;0.675460;0.743739;0.966778;0.879743;0.877099
ID27;0.849956;0.852720;0.790640;0.801930;0.755837;0.824192;0.836704;0.874331;0.846348;0.894933;0.956254;0.926844;0.884699;0.843297;0.928881;0.882188;0.818230;0.958489;0.796054;0.864534;0.858521;0.854148;0.834919;0.844470;0.846335;0.836388;0.860449;0.000000;0.776223;0.906265;0.979169;0.985391;0.973382;0.904754;0.863242;0.882299;0.822964;0.851474;0.979060;0.917929;0.946571
ID28;0.835051;0.820361;0.725722;0.698730;0.734537;0.768043;0.726254;0.902386;0.821379;0.911509;0.964266;0.923032;0.869939;0.785449;0.939977;0.867493;0.790235;0.969855;0.759731;0.761505;0.875004;0.859550;0.826563;0.823139;0.797872;0.836327;0.836823;0.776223;0.000000;0.910291;0.976957;0.988783;0.976450;0.877204;0.845024;0.849284;0.806259;0.783628;0.976002;0.880005;0.956785
ID29;0.859478;0.863008;0.849951;0.881165;0.817811;0.922183;0.910244;0.814257;0.762658;0.715669;0.817491;0.830853;0.860485;0.866198;0.894394;0.967785;0.846869;0.929408;0.859943;0.938436;0.854578;0.858238;0.767574;0.699181;0.865566;0.896230;0.859465;0.906265;0.910291;0.000000;0.879880;0.950350;0.948502;0.920810;0.779052;0.842669;0.839262;0.910715;0.878131;0.779014;0.893098
ID30;0.967183;0.972078;0.969687;0.974136;0.957139;0.981054;0.979773;0.959776;0.956482;0.928101;0.904947;0.939476;0.961341;0.971187;0.957654;0.988719;0.970039;0.969708;0.969203;0.984230;0.963547;0.965787;0.963567;0.933521;0.973905;0.971923;0.967292;0.979169;0.976957;0.879880;0.000000;0.909120;0.966372;0.971922;0.943653;0.961665;0.967647;0.979405;0.472616;0.902591;0.955360
ID31;0.979030;0.984366;0.984476;0.984535;0.982915;0.987171;0.989335;0.952346;0.982981;0.945419;0.873815;0.966127;0.982342;0.985173;0.904984;0.992581;0.983986;0.895648;0.980951;0.991271;0.956148;0.955101;0.981272;0.971284;0.985706;0.984769;0.975268;0.985391;0.988783;0.950350;0.909120;0.000000;0.892090;0.979893;0.970304;0.976798;0.973924;0.988025;0.912858;0.964786;0.912283
ID32;0.954170;0.969826;0.970243;0.974444;0.968462;0.972963;0.975605;0.887950;0.966468;0.919887;0.836990;0.951078;0.966742;0.968726;0.746476;0.986147;0.967351;0.664358;0.966658;0.976958;0.891125;0.890741;0.967457;0.955819;0.971660;0.965649;0.943697;0.973382;0.976450;0.948502;0.966372;0.892090;0.000000;0.960525;0.956019;0.970316;0.943570;0.973464;0.969073;0.956706;0.698834
ID33;0.719376;0.815972;0.831559;0.849521;0.886341;0.796396;0.811344;0.907778;0.904749;0.908493;0.938000;0.928564;0.860541;0.690948;0.890099;0.932127;0.802515;0.947764;0.812584;0.825598;0.861001;0.879581;0.921208;0.881649;0.726472;0.879014;0.826565;0.904754;0.877204;0.920810;0.971922;0.979893;0.960525;0.000000;0.839368;0.869380;0.709781;0.735000;0.973125;0.891390;0.904752
ID34;0.742359;0.756895;0.755309;0.790453;0.767369;0.845972;0.808146;0.794064;0.727633;0.784322;0.894023;0.878548;0.675589;0.743447;0.881421;0.933286;0.757313;0.933638;0.769323;0.845214;0.809340;0.817084;0.769250;0.708113;0.737605;0.858815;0.779495;0.863242;0.845024;0.779052;0.943653;0.970304;0.956019;0.839368;0.000000;0.547655;0.722266;0.799694;0.942826;0.817300;0.905384
ID35;0.828466;0.823808;0.799521;0.777072;0.814522;0.854655;0.838488;0.878213;0.782867;0.869542;0.940946;0.881872;0.701365;0.795094;0.929538;0.932615;0.813326;0.966165;0.819592;0.881506;0.890359;0.885603;0.808936;0.796029;0.758589;0.904662;0.861486;0.882299;0.849284;0.842669;0.961665;0.976798;0.970316;0.869380;0.547655;0.000000;0.788991;0.807308;0.962478;0.838717;0.947778
ID36;0.585068;0.670057;0.660612;0.755862;0.762043;0.760521;0.727173;0.786652;0.787075;0.801195;0.907157;0.894869;0.806663;0.558783;0.825843;0.907827;0.630057;0.909179;0.690105;0.770545;0.744614;0.761033;0.813680;0.735199;0.514531;0.825290;0.675460;0.822964;0.806259;0.839262;0.967647;0.973924;0.943570;0.709781;0.722266;0.788991;0.000000;0.676353;0.968452;0.841938;0.883235
ID37;0.697541;0.707098;0.718183;0.715904;0.831392;0.684022;0.726443;0.890610;0.860762;0.898753;0.956567;0.915182;0.820298;0.601060;0.915188;0.901075;0.702445;0.961967;0.758677;0.763707;0.853480;0.850562;0.874310;0.844184;0.648616;0.854685;0.743739;0.851474;0.783628;0.910715;0.979405;0.988025;0.973464;0.735000;0.799694;0.807308;0.676353;0.000000;0.979831;0.888477;0.943987
ID38;0.968588;0.970368;0.968556;0.974173;0.953580;0.980775;0.978053;0.960250;0.954376;0.930409;0.910817;0.940671;0.963361;0.971320;0.959477;0.988779;0.969425;0.970707;0.969471;0.981379;0.964628;0.966098;0.961622;0.930645;0.973889;0.973950;0.966778;0.979060;0.976002;0.878131;0.472616;0.912858;0.969073;0.973125;0.942826;0.962478;0.968452;0.979831;0.000000;0.899112;0.959134
ID39;0.864582;0.864323;0.855971;0.869599;0.853311;0.896926;0.880020;0.895496;0.840869;0.855939;0.900607;0.711859;0.869176;0.847980;0.921052;0.959162;0.862527;0.958626;0.863334;0.907396;0.900880;0.900988;0.862533;0.819969;0.835147;0.914436;0.879743;0.917929;0.880005;0.779014;0.902591;0.964786;0.956706;0.891390;0.817300;0.838717;0.841938;0.888477;0.899112;0.000000;0.932159
ID40;0.892290;0.922255;0.926651;0.945579;0.931163;0.945049;0.948458;0.790397;0.921008;0.824722;0.763008;0.937655;0.931901;0.925475;0.637296;0.975803;0.916472;0.650026;0.921235;0.956211;0.812956;0.813917;0.923216;0.898173;0.931540;0.916296;0.877099;0.946571;0.956785;0.893098;0.955360;0.912283;0.698834;0.904752;0.905384;0.947778;0.883235;0.943987;0.959134;0.932159;0.000000
