;ID0;ID1;ID2;ID3;ID4;ID5;ID6;ID7;ID8;ID9;ID10;ID11;ID12;ID13;ID14;ID15;ID16;ID17;ID18;ID19;ID20;ID21;ID22;ID23;ID24;ID25;ID26;ID27;ID28;ID29;ID30;ID31;ID32;ID33;ID34;ID35;ID36;ID37;ID38;ID39;ID40;ID41;ID42;ID43;ID44;ID45;ID46;ID47;ID48;ID49;ID50;ID51;ID52;ID53;ID54;ID55;ID56;ID57;ID58;ID59;ID60;ID61
ID0;0.000000;0.873235;0.857046;0.868824;0.563510;0.886701;0.866299;0.851604;0.614882;0.867992;0.875064;0.839100;0.943025;0.877707;0.860513;0.901309;0.892611;0.801332;0.872635;0.859051;0.904160;0.885970;0.634861;0.846258;0.875197;0.534742;0.517142;0.878150;0.868888;0.536543;0.897438;0.957437;0.877968;0.886652;0.938180;0.856614;0.868850;0.867296;0.885237;0.878771;0.863711;0.877195;0.872522;0.875078;0.864017;0.911918;0.842293;0.880745;0.869056;0.897037;0.857729;0.904081;0.871134;0.860544;0.872011;0.831496;0.838779;0.873011;0.892544;0.871172;0.844186;0.848423
ID1;0.873235;0.000000;0.642905;0.828901;0.841006;0.607615;0.702805;0.797323;0.933157;0.648499;0.664366;0.904119;0.947420;0.732489;0.691343;0.857074;0.934970;0.921942;0.640629;0.720371;0.879965;0.866645;0.906320;0.626736;0.602361;0.920463;0.924067;0.716253;0.744289;0.894905;0.955360;0.987802;0.621811;0.756523;0.909233;0.906682;0.726400;0.683530;0.823098;0.679635;0.774843;0.834655;0.683112;0.725356;0.739354;0.901239;0.615494;0.791891;0.717800;0.824119;0.590185;0.841133;0.692885;0.673755;0.753553;0.700333;0.785861;0.739659;0.829298;0.737226;0.652106;0.691994
ID2;0.857046;0.642905;0.000000;0.771916;0.799962;0.701370;0.653740;0.757646;0.935421;0.681632;0.703670;0.902677;0.947843;0.745670;0.703664;0.841200;0.928139;0.912303;0.685623;0.701532;0.860481;0.861990;0.903146;0.591896;0.674944;0.912752;0.921532;0.687795;0.637422;0.877654;0.955436;0.987641;0.650467;0.755101;0.894590;0.904464;0.632365;0.565361;0.789372;0.666481;0.753075;0.815854;0.665752;0.706917;0.595433;0.858361;0.626688;0.794879;0.679000;0.800863;0.626550;0.838057;0.563963;0.657727;0.743598;0.667228;0.761692;0.653239;0.787974;0.631808;0.634179;0.628819
ID3;0.868824;0.828901;0.771916;0.000000;0.762492;0.812266;0.787484;0.665288;0.902882;0.835139;0.816408;0.811609;0.913698;0.867900;0.817424;0.901762;0.885271;0.893230;0.836837;0.828569;0.909273;0.875786;0.882136;0.786705;0.853330;0.904223;0.912863;0.857005;0.826641;0.883723;0.923106;0.963153;0.858617;0.846077;0.926911;0.856799;0.818429;0.835027;0.898883;0.859612;0.854943;0.883974;0.877264;0.889467;0.766635;0.907909;0.829770;0.885410;0.850489;0.901091;0.843079;0.914120;0.789579;0.849785;0.873856;0.791793;0.840596;0.845449;0.898714;0.826151;0.790869;0.825523
ID4;0.563510;0.841006;0.799962;0.762492;0.000000;0.848395;0.824376;0.732930;0.643160;0.823125;0.845127;0.780302;0.898016;0.845566;0.835730;0.890594;0.842324;0.738609;0.845241;0.840365;0.903661;0.824335;0.599294;0.777687;0.852818;0.669541;0.651645;0.843261;0.813753;0.658372;0.850449;0.926089;0.843515;0.847029;0.921884;0.802703;0.831681;0.811077;0.867625;0.865378;0.856323;0.876663;0.840307;0.850688;0.798526;0.889381;0.812239;0.867701;0.849294;0.881449;0.832148;0.899705;0.823776;0.829480;0.852030;0.783824;0.827342;0.827102;0.871863;0.839145;0.800130;0.812834
ID5;0.886701;0.607615;0.701370;0.812266;0.848395;0.000000;0.719900;0.812143;0.931293;0.596025;0.630722;0.906571;0.949481;0.751222;0.663224;0.838932;0.932923;0.916812;0.658970;0.740981;0.865138;0.889504;0.910442;0.648759;0.692168;0.910228;0.914754;0.635177;0.702684;0.879007;0.952240;0.986581;0.734751;0.738167;0.895806;0.912210;0.678169;0.733661;0.822752;0.733778;0.735517;0.804951;0.775612;0.800500;0.685218;0.865994;0.663321;0.788629;0.747677;0.816809;0.717104;0.847954;0.698531;0.730370;0.772258;0.720135;0.785075;0.752903;0.824574;0.770733;0.642387;0.726122
ID6;0.866299;0.702805;0.653740;0.787484;0.824376;0.719900;0.000000;0.797416;0.932370;0.744511;0.666660;0.906403;0.947640;0.791481;0.657835;0.809697;0.926677;0.920888;0.754798;0.720889;0.867534;0.903939;0.909741;0.655152;0.723701;0.921535;0.923209;0.768198;0.725401;0.896469;0.953052;0.986082;0.756209;0.761263;0.890954;0.897809;0.707212;0.679193;0.820378;0.648781;0.724302;0.786681;0.750114;0.776534;0.593632;0.859132;0.663303;0.798905;0.638443;0.792043;0.694663;0.862094;0.655176;0.699373;0.768277;0.690252;0.765749;0.704642;0.801911;0.634183;0.705849;0.710788
ID7;0.851604;0.797323;0.757646;0.665288;0.732930;0.812143;0.797416;0.000000;0.929072;0.826881;0.817323;0.904277;0.953740;0.850709;0.809650;0.888645;0.926132;0.915499;0.815139;0.801133;0.885776;0.895984;0.896521;0.746984;0.804141;0.902357;0.916560;0.820534;0.819384;0.864720;0.949267;0.982475;0.808762;0.841808;0.925073;0.896493;0.826219;0.795549;0.852282;0.832660;0.823160;0.858645;0.809851;0.820850;0.792022;0.890290;0.764364;0.843819;0.815648;0.864177;0.783968;0.865026;0.788079;0.791334;0.815753;0.737998;0.790476;0.813406;0.866280;0.796341;0.767037;0.778309
ID8;0.614882;0.933157;0.935421;0.902882;0.643160;0.931293;0.932370;0.929072;0.000000;0.929504;0.918816;0.682920;0.805417;0.912209;0.921294;0.917268;0.735121;0.631978;0.926237;0.919273;0.924342;0.784777;0.492929;0.924213;0.929079;0.613521;0.570707;0.934667;0.927530;0.686812;0.724861;0.892323;0.927358;0.917462;0.927545;0.726938;0.935357;0.933687;0.933914;0.944812;0.922180;0.923636;0.927350;0.927518;0.924112;0.932261;0.916677;0.911454;0.917504;0.921417;0.917055;0.924280;0.927675;0.917906;0.917130;0.917557;0.909374;0.917843;0.921920;0.925774;0.920299;0.922288
ID9;0.867992;0.648499;0.681632;0.835139;0.823125;0.596025;0.744511;0.826881;0.929504;0.000000;0.654436;0.901771;0.943883;0.634904;0.683822;0.836772;0.928965;0.903542;0.669602;0.720071;0.857851;0.856896;0.896003;0.654614;0.678706;0.906954;0.909588;0.633877;0.633527;0.873193;0.948560;0.982982;0.696997;0.697075;0.875607;0.905495;0.683185;0.741344;0.823868;0.763713;0.747865;0.811241;0.749246;0.774927;0.681906;0.871521;0.659746;0.782528;0.778686;0.840662;0.709000;0.843407;0.700481;0.740234;0.782675;0.713670;0.779332;0.712775;0.802586;0.793352;0.640338;0.701430
ID10;0.875064;0.664366;0.703670;0.816408;0.845127;0.630722;0.666660;0.817323;0.918816;0.654436;0.000000;0.879759;0.935772;0.669746;0.600814;0.816690;0.916842;0.895471;0.658071;0.678833;0.847577;0.859301;0.890798;0.705929;0.699590;0.896409;0.897092;0.705627;0.710719;0.884272;0.940328;0.979633;0.695893;0.622287;0.862618;0.890599;0.735370;0.740772;0.844354;0.752324;0.712215;0.791278;0.791760;0.815972;0.695873;0.868383;0.686389;0.788079;0.735955;0.826075;0.716905;0.854143;0.725617;0.742417;0.789091;0.716667;0.783148;0.744748;0.822108;0.737699;0.657798;0.694013
ID11;0.839100;0.904119;0.902677;0.811609;0.780302;0.906571;0.906403;0.904277;0.682920;0.901771;0.879759;0.000000;0.710721;0.883915;0.894809;0.910226;0.632737;0.625948;0.906297;0.893630;0.917799;0.633568;0.649343;0.897134;0.896289;0.820930;0.825950;0.910435;0.895313;0.876751;0.624058;0.879901;0.889540;0.881924;0.916365;0.596837;0.915347;0.905592;0.914567;0.926066;0.905055;0.910799;0.900615;0.903881;0.896221;0.930774;0.882943;0.894286;0.896281;0.917196;0.888391;0.920919;0.898275;0.892210;0.896527;0.886628;0.888178;0.899043;0.917568;0.898984;0.882356;0.888610
ID12;0.943025;0.947420;0.947843;0.913698;0.898016;0.949481;0.947640;0.953740;0.805417;0.943883;0.935772;0.710721;0.000000;0.929839;0.939208;0.944877;0.650513;0.657451;0.943381;0.937615;0.950652;0.667766;0.789449;0.946372;0.943738;0.921123;0.920231;0.952174;0.947950;0.964390;0.563464;0.882399;0.942180;0.936173;0.948534;0.683843;0.951034;0.947425;0.953111;0.953948;0.943024;0.948195;0.951423;0.952815;0.941871;0.960655;0.937211;0.943200;0.946507;0.955339;0.942575;0.956873;0.948843;0.941892;0.945147;0.941322;0.945233;0.941445;0.950630;0.944200;0.939919;0.940005
ID13;0.877707;0.732489;0.745670;0.867900;0.845566;0.751222;0.791481;0.850709;0.912209;0.634904;0.669746;0.883915;0.929839;0.000000;0.682220;0.837580;0.914175;0.889214;0.693622;0.702562;0.848101;0.840642;0.888234;0.729679;0.707239;0.895532;0.892363;0.670009;0.685355;0.891537;0.933121;0.974185;0.710322;0.658464;0.870333;0.890217;0.772640;0.749388;0.847071;0.801147;0.739978;0.800101;0.775870;0.799979;0.775194;0.889075;0.728427;0.817618;0.785175;0.861590;0.741750;0.854904;0.759505;0.759489;0.800798;0.743461;0.797637;0.729057;0.823978;0.792113;0.694534;0.707809
ID14;0.860513;0.691343;0.703664;0.817424;0.835730;0.663224;0.657835;0.809650;0.921294;0.683822;0.600814;0.894809;0.939208;0.682220;0.000000;0.703342;0.922110;0.905464;0.625811;0.476304;0.758166;0.865524;0.895838;0.666508;0.697807;0.908162;0.906171;0.723791;0.682465;0.879963;0.946137;0.983353;0.715034;0.615509;0.826382;0.888432;0.730538;0.719461;0.819959;0.716664;0.645203;0.721138;0.795539;0.813808;0.640883;0.844027;0.638350;0.762540;0.725567;0.802990;0.692539;0.827490;0.647333;0.708696;0.760570;0.610237;0.701456;0.720168;0.802037;0.701397;0.622044;0.653871
ID15;0.901309;0.857074;0.841200;0.901762;0.890594;0.838932;0.809697;0.888645;0.917268;0.836772;0.816690;0.910226;0.944877;0.837580;0.703342;0.000000;0.919496;0.910140;0.797044;0.704225;0.512866;0.884921;0.902261;0.811425;0.811497;0.913434;0.907847;0.825340;0.772893;0.919876;0.933166;0.964095;0.832477;0.757835;0.656807;0.905469;0.836541;0.815204;0.726905;0.843249;0.739504;0.668049;0.809566;0.790564;0.780385;0.687364;0.741127;0.640229;0.759452;0.720774;0.769374;0.706028;0.810512;0.727875;0.683518;0.730359;0.647127;0.790199;0.726069;0.814837;0.782309;0.775921
ID16;0.892611;0.934970;0.928139;0.885271;0.842324;0.932923;0.926677;0.926132;0.735121;0.928965;0.916842;0.632737;0.650513;0.914175;0.922110;0.919496;0.000000;0.545531;0.931955;0.920564;0.928220;0.588204;0.693744;0.925379;0.924666;0.869205;0.873575;0.933120;0.925894;0.926900;0.553284;0.858629;0.924035;0.914592;0.930046;0.516256;0.932748;0.925621;0.926153;0.943109;0.924065;0.925578;0.927571;0.928153;0.918397;0.931175;0.914274;0.909524;0.920020;0.926027;0.916519;0.925147;0.927070;0.915333;0.914575;0.916413;0.911152;0.918536;0.922780;0.919872;0.916961;0.917525
ID17;0.801332;0.921942;0.912303;0.893230;0.738609;0.916812;0.920888;0.915499;0.631978;0.903542;0.895471;0.625948;0.657451;0.889214;0.905464;0.910140;0.545531;0.000000;0.909927;0.903259;0.916882;0.632085;0.591624;0.900998;0.908547;0.793137;0.775595;0.911778;0.904328;0.850755;0.561200;0.873297;0.913132;0.890243;0.916583;0.570462;0.916703;0.909409;0.910690;0.931175;0.908760;0.911496;0.918872;0.919006;0.904850;0.919363;0.896468;0.902515;0.915595;0.927173;0.900773;0.925065;0.908671;0.900124;0.902486;0.895563;0.890271;0.897410;0.909650;0.912249;0.890128;0.894246
ID18;0.872635;0.640629;0.685623;0.836837;0.845241;0.658970;0.754798;0.815139;0.926237;0.669602;0.658071;0.906297;0.943381;0.693622;0.625811;0.797044;0.931955;0.909927;0.000000;0.587874;0.808890;0.877157;0.904113;0.620675;0.672896;0.905697;0.907230;0.705641;0.743486;0.883877;0.950761;0.985675;0.697507;0.717420;0.868214;0.900842;0.737937;0.742600;0.841988;0.743222;0.707288;0.773111;0.763888;0.795708;0.707743;0.856756;0.684036;0.798779;0.776219;0.841347;0.653541;0.830729;0.672149;0.733150;0.781376;0.691600;0.757223;0.719296;0.810858;0.736081;0.620379;0.686165
ID19;0.859051;0.720371;0.701532;0.828569;0.840365;0.740981;0.720889;0.801133;0.919273;0.720071;0.678833;0.893630;0.937615;0.702562;0.476304;0.704225;0.920564;0.903259;0.587874;0.000000;0.710482;0.858745;0.894172;0.663008;0.675555;0.908129;0.905366;0.749370;0.704186;0.886285;0.943268;0.982012;0.705342;0.617121;0.814190;0.886963;0.764939;0.716411;0.821665;0.740807;0.648128;0.706959;0.764006;0.790532;0.691134;0.847951;0.667494;0.778338;0.746428;0.820293;0.662390;0.810568;0.662691;0.703235;0.755240;0.636579;0.700544;0.730188;0.802069;0.714541;0.596479;0.615466
ID20;0.904160;0.879965;0.860481;0.909273;0.903661;0.865138;0.867534;0.885776;0.924342;0.857851;0.847577;0.917799;0.950652;0.848101;0.758166;0.512866;0.928220;0.916882;0.808890;0.710482;0.000000;0.888981;0.911381;0.833249;0.831686;0.915993;0.910971;0.843646;0.816053;0.927132;0.934319;0.961719;0.853380;0.790064;0.650317;0.915234;0.866958;0.841696;0.722539;0.870285;0.758392;0.683006;0.822748;0.794413;0.840593;0.712048;0.789169;0.674927;0.782762;0.736090;0.800557;0.677879;0.838831;0.780569;0.719061;0.767208;0.679732;0.802347;0.738004;0.828176;0.796292;0.771107
ID21;0.885970;0.866645;0.861990;0.875786;0.824335;0.889504;0.903939;0.895984;0.784777;0.856896;0.859301;0.633568;0.667766;0.840642;0.865524;0.884921;0.588204;0.632085;0.877157;0.858745;0.888981;0.000000;0.720014;0.863407;0.853434;0.869685;0.881839;0.867601;0.859929;0.922268;0.601083;0.861050;0.849843;0.852466;0.903744;0.609330;0.897777;0.860896;0.884095;0.911408;0.889060;0.900209;0.859914;0.865456;0.888056;0.927851;0.839209;0.872813;0.885908;0.912782;0.858206;0.900358;0.879628;0.858916;0.872894;0.843376;0.860579;0.874723;0.898886;0.877319;0.843663;0.849640
ID22;0.634861;0.906320;0.903146;0.882136;0.599294;0.910442;0.909741;0.896521;0.492929;0.896003;0.890798;0.649343;0.789449;0.888234;0.895838;0.902261;0.693744;0.591624;0.904113;0.894172;0.911381;0.720014;0.000000;0.891287;0.894470;0.632114;0.630583;0.907398;0.895647;0.706784;0.713098;0.870028;0.893291;0.881024;0.917064;0.662411;0.909908;0.902737;0.901232;0.927494;0.902145;0.906295;0.902923;0.903707;0.896782;0.923187;0.876357;0.883182;0.892989;0.907405;0.879867;0.907517;0.900716;0.886915;0.888898;0.879412;0.870117;0.897179;0.909245;0.899607;0.876446;0.878424
ID23;0.846258;0.626736;0.591896;0.786705;0.777687;0.648759;0.655152;0.746984;0.924213;0.654614;0.705929;0.897134;0.946372;0.729679;0.666508;0.811425;0.925379;0.900998;0.620675;0.663008;0.833249;0.863407;0.891287;0.000000;0.652427;0.903181;0.907664;0.658932;0.682422;0.852775;0.947922;0.984274;0.693432;0.721305;0.875609;0.895385;0.627503;0.628989;0.767975;0.695596;0.720744;0.783962;0.657102;0.688168;0.600881;0.834447;0.597457;0.758901;0.673253;0.777735;0.587911;0.803344;0.574030;0.620575;0.692062;0.625840;0.712884;0.653543;0.771220;0.665693;0.564350;0.640988
ID24;0.875197;0.602361;0.674944;0.853330;0.852818;0.692168;0.723701;0.804141;0.929079;0.678706;0.699590;0.896289;0.943738;0.707239;0.697807;0.811497;0.924666;0.908547;0.672896;0.675555;0.831686;0.853434;0.894470;0.652427;0.000000;0.910688;0.920589;0.701057;0.675708;0.905471;0.948434;0.984794;0.624239;0.713320;0.868951;0.901845;0.762119;0.674861;0.784862;0.687065;0.727157;0.777237;0.688014;0.719187;0.706496;0.866165;0.620779;0.767458;0.688160;0.777696;0.596576;0.810437;0.656104;0.659914;0.720820;0.662882;0.731781;0.743376;0.806535;0.704727;0.632666;0.621458
ID25;0.534742;0.920463;0.912752;0.904223;0.669541;0.910228;0.921535;0.902357;0.613521;0.906954;0.896409;0.820930;0.921123;0.895532;0.908162;0.913434;0.869205;0.793137;0.905697;0.908129;0.915993;0.869685;0.632114;0.903181;0.910688;0.000000;0.475911;0.905972;0.907539;0.536011;0.876054;0.927296;0.914801;0.901298;0.931836;0.851089;0.915728;0.922368;0.917663;0.927955;0.903685;0.905826;0.916619;0.916235;0.910461;0.922678;0.891525;0.892836;0.912125;0.924751;0.902826;0.917404;0.911930;0.900683;0.901622;0.894800;0.887702;0.902036;0.905810;0.909630;0.897435;0.901662
ID26;0.517142;0.924067;0.921532;0.912863;0.651645;0.914754;0.923209;0.916560;0.570707;0.909588;0.897092;0.825950;0.920231;0.892363;0.906171;0.907847;0.873575;0.775595;0.907230;0.905366;0.910971;0.881839;0.630583;0.907664;0.920589;0.475911;0.000000;0.904022;0.901893;0.540536;0.860907;0.933911;0.917234;0.902478;0.921067;0.846349;0.916145;0.925430;0.922620;0.927506;0.896657;0.896070;0.920513;0.921358;0.914586;0.915225;0.900681;0.902699;0.916350;0.921055;0.905439;0.914087;0.911689;0.911220;0.912133;0.903166;0.898167;0.898931;0.899884;0.918018;0.905201;0.909739
ID27;0.878150;0.716253;0.687795;0.857005;0.843261;0.635177;0.768198;0.820534;0.934667;0.633877;0.705627;0.910435;0.952174;0.670009;0.723791;0.825340;0.933120;0.911778;0.705641;0.749370;0.843646;0.867601;0.907398;0.658932;0.701057;0.905972;0.904022;0.000000;0.604761;0.863624;0.948308;0.984353;0.684036;0.735494;0.878069;0.917614;0.675554;0.681356;0.769651;0.774557;0.736170;0.795831;0.690212;0.715057;0.717621;0.847240;0.673303;0.758685;0.746041;0.810717;0.698965;0.804599;0.686512;0.706657;0.738356;0.701737;0.758332;0.712293;0.784836;0.780967;0.671816;0.679613
ID28;0.868888;0.744289;0.637422;0.826641;0.813753;0.702684;0.725401;0.819384;0.927530;0.633527;0.710719;0.895313;0.947950;0.685355;0.682465;0.772893;0.925894;0.904328;0.743486;0.704186;0.816053;0.859929;0.895647;0.682422;0.675708;0.907539;0.901893;0.604761;0.000000;0.858406;0.946110;0.983147;0.649472;0.661458;0.826005;0.899708;0.695310;0.644384;0.773927;0.770295;0.704016;0.753746;0.708163;0.740106;0.652997;0.822678;0.658182;0.758400;0.713603;0.783440;0.683934;0.823279;0.648016;0.695752;0.739128;0.644450;0.718410;0.691890;0.772795;0.765656;0.676720;0.654317
ID29;0.536543;0.894905;0.877654;0.883723;0.658372;0.879007;0.896469;0.864720;0.686812;0.873193;0.884272;0.876751;0.964390;0.891537;0.879963;0.919876;0.926900;0.850755;0.883877;0.886285;0.927132;0.922268;0.706784;0.852775;0.905471;0.536011;0.540536;0.863624;0.858406;0.000000;0.932201;0.976163;0.891124;0.879702;0.931618;0.893157;0.874889;0.892461;0.910744;0.909216;0.882271;0.900422;0.903609;0.906124;0.869951;0.919594;0.873279;0.901590;0.900386;0.926149;0.882343;0.924395;0.876267;0.884412;0.895868;0.863400;0.879002;0.880103;0.906415;0.901284;0.862516;0.883871
ID30;0.897438;0.955360;0.955436;0.923106;0.850449;0.952240;0.953052;0.949267;0.724861;0.948560;0.940328;0.624058;0.563464;0.933121;0.946137;0.933166;0.553284;0.561200;0.950761;0.943268;0.934319;0.601083;0.713098;0.947922;0.948434;0.876054;0.860907;0.948308;0.946110;0.932201;0.000000;0.825180;0.949176;0.939144;0.933134;0.560715;0.953418;0.951138;0.940828;0.960962;0.942709;0.939119;0.944396;0.941805;0.947868;0.941120;0.941167;0.929856;0.942583;0.939815;0.941017;0.936972;0.950594;0.939588;0.935189;0.942655;0.933579;0.943610;0.938630;0.948024;0.943556;0.944736
ID31;0.957437;0.987802;0.987641;0.963153;0.926089;0.986581;0.986082;0.982475;0.892323;0.982982;0.979633;0.879901;0.882399;0.974185;0.983353;0.964095;0.858629;0.873297;0.985675;0.982012;0.961719;0.861050;0.870028;0.984274;0.984794;0.927296;0.933911;0.984353;0.983147;0.976163;0.825180;0.000000;0.985236;0.980512;0.955715;0.860778;0.985959;0.984601;0.967476;0.988728;0.975199;0.967683;0.979531;0.974944;0.983898;0.956677;0.981031;0.966451;0.979815;0.966571;0.980685;0.959997;0.985876;0.978331;0.971325;0.980990;0.971986;0.980640;0.967934;0.984348;0.982939;0.983369
ID32;0.877968;0.621811;0.650467;0.858617;0.843515;0.734751;0.756209;0.808762;0.927358;0.696997;0.695893;0.889540;0.942180;0.710322;0.715034;0.832477;0.924035;0.913132;0.697507;0.705342;0.853380;0.849843;0.893291;0.693432;0.624239;0.914801;0.917234;0.684036;0.649472;0.891124;0.949176;0.985236;0.000000;0.718415;0.881303;0.900161;0.732368;0.657210;0.809843;0.758263;0.762082;0.815854;0.659038;0.712173;0.746623;0.883762;0.635794;0.768735;0.716628;0.800549;0.612208;0.805373;0.696833;0.670722;0.734719;0.689419;0.761289;0.735111;0.822074;0.740817;0.652489;0.645975
ID33;0.886652;0.756523;0.755101;0.846077;0.847029;0.738167;0.761263;0.841808;0.917462;0.697075;0.622287;0.881924;0.936173;0.658464;0.615509;0.757835;0.914592;0.890243;0.717420;0.617121;0.790064;0.852466;0.881024;0.721305;0.713320;0.901298;0.902478;0.735494;0.661458;0.879702;0.939144;0.980512;0.718415;0.000000;0.758483;0.892584;0.784375;0.758471;0.811522;0.819352;0.694667;0.745120;0.790452;0.804172;0.713253;0.829942;0.710841;0.777448;0.745164;0.812696;0.734431;0.832115;0.722226;0.734851;0.766405;0.671960;0.714902;0.733240;0.792559;0.762548;0.663490;0.660684
ID34;0.938180;0.909233;0.894590;0.926911;0.921884;0.895806;0.890954;0.925073;0.927545;0.875607;0.862618;0.916365;0.948534;0.870333;0.826382;0.656807;0.930046;0.916583;0.868214;0.814190;0.650317;0.903744;0.917064;0.875609;0.868951;0.931836;0.921067;0.878069;0.826005;0.931618;0.933134;0.955715;0.881303;0.758483;0.000000;0.920777;0.895318;0.884585;0.782031;0.916860;0.822799;0.759562;0.864244;0.838530;0.854111;0.728319;0.835733;0.742356;0.836004;0.769036;0.837637;0.750568;0.870789;0.832302;0.783851;0.819894;0.747738;0.833064;0.763186;0.874159;0.847628;0.826116
ID35;0.856614;0.906682;0.904464;0.856799;0.802703;0.912210;0.897809;0.896493;0.726938;0.905495;0.890599;0.596837;0.683843;0.890217;0.888432;0.905469;0.516256;0.570462;0.900842;0.886963;0.915234;0.609330;0.662411;0.895385;0.901845;0.851089;0.846349;0.917614;0.899708;0.893157;0.560715;0.860778;0.900161;0.892584;0.920777;0.000000;0.908000;0.907071;0.915164;0.920080;0.897735;0.906684;0.906193;0.909453;0.887779;0.922576;0.881544;0.895261;0.893239;0.909911;0.888871;0.916983;0.902694;0.888440;0.894700;0.879849;0.878764;0.899674;0.914204;0.894756;0.884625;0.887901
ID36;0.868850;0.726400;0.632365;0.818429;0.831681;0.678169;0.707212;0.826219;0.935357;0.683185;0.735370;0.915347;0.951034;0.772640;0.730538;0.836541;0.932748;0.916703;0.737937;0.764939;0.866958;0.897777;0.909908;0.627503;0.762119;0.915728;0.916145;0.675554;0.695310;0.874889;0.953418;0.985959;0.732368;0.784375;0.895318;0.908000;0.000000;0.665080;0.789092;0.670209;0.756089;0.816229;0.725867;0.748289;0.600630;0.853850;0.683461;0.791933;0.702305;0.801534;0.672416;0.841537;0.650265;0.710688;0.761482;0.727475;0.779638;0.683580;0.795889;0.739369;0.677987;0.708641
ID37;0.867296;0.683530;0.565361;0.835027;0.811077;0.733661;0.679193;0.795549;0.933687;0.741344;0.740772;0.905592;0.947425;0.749388;0.719461;0.815204;0.925621;0.909409;0.742600;0.716411;0.841696;0.860896;0.902737;0.628989;0.674861;0.922368;0.925430;0.681356;0.644384;0.892461;0.951138;0.984601;0.657210;0.758471;0.884585;0.907071;0.665080;0.000000;0.667435;0.667464;0.729666;0.784447;0.590183;0.644409;0.662859;0.834873;0.631513;0.776087;0.651812;0.770894;0.628836;0.815518;0.580733;0.624115;0.700481;0.658766;0.739372;0.635836;0.780239;0.686668;0.656277;0.629165
ID38;0.885237;0.823098;0.789372;0.898883;0.867625;0.822752;0.820378;0.852282;0.933914;0.823868;0.844354;0.914567;0.953111;0.847071;0.819959;0.726905;0.926153;0.910690;0.841988;0.821665;0.722539;0.884095;0.901232;0.767975;0.784862;0.917663;0.922620;0.769651;0.773927;0.910744;0.940828;0.967476;0.809843;0.811522;0.782031;0.915164;0.789092;0.667435;0.000000;0.832257;0.765678;0.722654;0.696505;0.643584;0.783476;0.692493;0.710019;0.617967;0.705477;0.633394;0.716577;0.646558;0.784105;0.680424;0.609309;0.749622;0.662707;0.728469;0.623333;0.787570;0.766089;0.739664
ID39;0.878771;0.679635;0.666481;0.859612;0.865378;0.733778;0.648781;0.832660;0.944812;0.763713;0.752324;0.926066;0.953948;0.801147;0.716664;0.843249;0.943109;0.931175;0.743222;0.740807;0.870285;0.911408;0.927494;0.695596;0.687065;0.927955;0.927506;0.774557;0.770295;0.909216;0.960962;0.988728;0.758263;0.819352;0.916860;0.920080;0.670209;0.667464;0.832257;0.000000;0.731263;0.800945;0.720094;0.756502;0.677117;0.876712;0.673349;0.818878;0.694950;0.828559;0.678386;0.853654;0.659697;0.702600;0.772986;0.727014;0.790915;0.697576;0.814028;0.699992;0.716369;0.728586
ID40;0.863711;0.774843;0.753075;0.854943;0.856323;0.735517;0.724302;0.823160;0.922180;0.747865;0.712215;0.905055;0.943024;0.739978;0.645203;0.739504;0.924065;0.908760;0.707288;0.648128;0.758392;0.889060;0.902145;0.720744;0.727157;0.903685;0.896657;0.736170;0.704016;0.882271;0.942709;0.975199;0.762082;0.694667;0.822799;0.897735;0.756089;0.729666;0.765678;0.731263;0.000000;0.440664;0.754125;0.762008;0.675526;0.791969;0.673578;0.724230;0.696553;0.770334;0.712125;0.778026;0.698954;0.685931;0.708006;0.598313;0.643302;0.727089;0.765125;0.725100;0.702794;0.685842
ID41;0.877195;0.834655;0.815854;0.883974;0.876663;0.804951;0.786681;0.858645;0.923636;0.811241;0.791278;0.910799;0.948195;0.800101;0.721138;0.668049;0.925578;0.911496;0.773111;0.706959;0.683006;0.900209;0.906295;0.783962;0.777237;0.905826;0.896070;0.795831;0.753746;0.900422;0.939119;0.967683;0.815854;0.745120;0.759562;0.906684;0.816229;0.784447;0.722654;0.800945;0.440664;0.000000;0.776359;0.761607;0.735825;0.718015;0.724951;0.676125;0.723924;0.715529;0.761791;0.725426;0.775270;0.719140;0.693002;0.685726;0.601994;0.776796;0.728992;0.774727;0.770096;0.738181
ID42;0.872522;0.683112;0.665752;0.877264;0.840307;0.775612;0.750114;0.809851;0.927350;0.749246;0.791760;0.900615;0.951423;0.775870;0.795539;0.809566;0.927571;0.918872;0.763888;0.764006;0.822748;0.859914;0.902923;0.657102;0.688014;0.916619;0.920513;0.690212;0.708163;0.903609;0.944396;0.979531;0.659038;0.790452;0.864244;0.906193;0.725867;0.590183;0.696505;0.720094;0.754125;0.776359;0.000000;0.279860;0.729335;0.839659;0.604691;0.695931;0.666135;0.745308;0.605508;0.733958;0.648663;0.583597;0.634464;0.700903;0.728998;0.674731;0.743231;0.746799;0.717817;0.697384
ID43;0.875078;0.725356;0.706917;0.889467;0.850688;0.800500;0.776534;0.820850;0.927518;0.774927;0.815972;0.903881;0.952815;0.799979;0.813808;0.790564;0.928153;0.919006;0.795708;0.790532;0.794413;0.865456;0.903707;0.688168;0.719187;0.916235;0.921358;0.715057;0.740106;0.906124;0.941805;0.974944;0.712173;0.804172;0.838530;0.909453;0.748289;0.644409;0.643584;0.756502;0.762008;0.761607;0.279860;0.000000;0.746584;0.812072;0.616059;0.654765;0.663440;0.712365;0.627920;0.682145;0.698478;0.587053;0.596784;0.710901;0.710127;0.688633;0.709621;0.761224;0.737834;0.714050
ID44;0.864017;0.739354;0.595433;0.766635;0.798526;0.685218;0.593632;0.792022;0.924112;0.681906;0.695873;0.896221;0.941871;0.775194;0.640883;0.780385;0.918397;0.904850;0.707743;0.691134;0.840593;0.888056;0.896782;0.600881;0.706496;0.910461;0.914586;0.717621;0.652997;0.869951;0.947868;0.983898;0.746623;0.713253;0.854111;0.887779;0.600630;0.662859;0.783476;0.677117;0.675526;0.735825;0.729335;0.746584;0.000000;0.795254;0.647085;0.774928;0.626553;0.758213;0.687320;0.835289;0.504220;0.665444;0.732214;0.611912;0.700516;0.670373;0.755502;0.672170;0.653687;0.689520
ID45;0.911918;0.901239;0.858361;0.907909;0.889381;0.865994;0.859132;0.890290;0.932261;0.871521;0.868383;0.930774;0.960655;0.889075;0.844027;0.687364;0.931175;0.919363;0.856756;0.847951;0.712048;0.927851;0.923187;0.834447;0.866165;0.922678;0.915225;0.847240;0.822678;0.919594;0.941120;0.956677;0.883762;0.829942;0.728319;0.922576;0.853850;0.834873;0.692493;0.876712;0.791969;0.718015;0.839659;0.812072;0.795254;0.000000;0.816590;0.689300;0.803333;0.672849;0.831272;0.689742;0.839651;0.794331;0.731218;0.785855;0.691690;0.807402;0.704028;0.850960;0.828523;0.826663
ID46;0.842293;0.615494;0.626688;0.829770;0.812239;0.663321;0.663303;0.764364;0.916677;0.659746;0.686389;0.882943;0.937211;0.728427;0.638350;0.741127;0.914274;0.896468;0.684036;0.667494;0.789169;0.839209;0.876357;0.597457;0.620779;0.891525;0.900681;0.673303;0.658182;0.873279;0.941167;0.981031;0.635794;0.710841;0.835733;0.881544;0.683461;0.631513;0.710019;0.673349;0.673578;0.724951;0.604691;0.616059;0.647085;0.816590;0.000000;0.575699;0.634457;0.725699;0.517111;0.740107;0.643183;0.517280;0.590811;0.592486;0.647208;0.653494;0.714047;0.657402;0.610804;0.607272
ID47;0.880745;0.791891;0.794879;0.885410;0.867701;0.788629;0.798905;0.843819;0.911454;0.782528;0.788079;0.894286;0.943200;0.817618;0.762540;0.640229;0.909524;0.902515;0.798779;0.778338;0.674927;0.872813;0.883182;0.758901;0.767458;0.892836;0.902699;0.758685;0.758400;0.901590;0.929856;0.966451;0.768735;0.777448;0.742356;0.895261;0.791933;0.776087;0.617967;0.818878;0.724230;0.676125;0.695931;0.654765;0.774928;0.689300;0.575699;0.000000;0.692665;0.638379;0.678594;0.556654;0.788541;0.648750;0.562209;0.711028;0.613624;0.732901;0.659245;0.780248;0.745044;0.741859
ID48;0.869056;0.717800;0.679000;0.850489;0.849294;0.747677;0.638443;0.815648;0.917504;0.778686;0.735955;0.896281;0.946507;0.785175;0.725567;0.759452;0.920020;0.915595;0.776219;0.746428;0.782762;0.885908;0.892989;0.673253;0.688160;0.912125;0.916350;0.746041;0.713603;0.900386;0.942583;0.979815;0.716628;0.745164;0.836004;0.893239;0.702305;0.651812;0.705477;0.694950;0.696553;0.723924;0.666135;0.663440;0.626553;0.803333;0.634457;0.692665;0.000000;0.556245;0.615039;0.734025;0.642156;0.616448;0.648383;0.649517;0.665761;0.673632;0.738538;0.624328;0.700060;0.619980
ID49;0.897037;0.824119;0.800863;0.901091;0.881449;0.816809;0.792043;0.864177;0.921417;0.840662;0.826075;0.917196;0.955339;0.861590;0.802990;0.720774;0.926027;0.927173;0.841347;0.820293;0.736090;0.912782;0.907405;0.777735;0.777696;0.924751;0.921055;0.810717;0.783440;0.926149;0.939815;0.966571;0.800549;0.812696;0.769036;0.909911;0.801534;0.770894;0.633394;0.828559;0.770334;0.715529;0.745308;0.712365;0.758213;0.672849;0.725699;0.638379;0.556245;0.000000;0.714287;0.633159;0.775146;0.704426;0.644237;0.749384;0.674506;0.776405;0.681911;0.761262;0.782730;0.737546
ID50;0.857729;0.590185;0.626550;0.843079;0.832148;0.717104;0.694663;0.783968;0.917055;0.709000;0.716905;0.888391;0.942575;0.741750;0.692539;0.769374;0.916519;0.900773;0.653541;0.662390;0.800557;0.858206;0.879867;0.587911;0.596576;0.902826;0.905439;0.698965;0.683934;0.882343;0.941017;0.980685;0.612208;0.734431;0.837637;0.888871;0.672416;0.628836;0.716577;0.678386;0.712125;0.761791;0.605508;0.627920;0.687320;0.831272;0.517111;0.678594;0.615039;0.714287;0.000000;0.694357;0.626039;0.554108;0.621365;0.633289;0.679390;0.678319;0.748812;0.674051;0.580687;0.592576
ID51;0.904081;0.841133;0.838057;0.914120;0.899705;0.847954;0.862094;0.865026;0.924280;0.843407;0.854143;0.920919;0.956873;0.854904;0.827490;0.706028;0.925147;0.925065;0.830729;0.810568;0.677879;0.900358;0.907517;0.803344;0.810437;0.917404;0.914087;0.804599;0.823279;0.924395;0.936972;0.959997;0.805373;0.832115;0.750568;0.916983;0.841537;0.815518;0.646558;0.853654;0.778026;0.725426;0.733958;0.682145;0.835289;0.689742;0.740107;0.556654;0.734025;0.633159;0.694357;0.000000;0.824468;0.727767;0.633573;0.759574;0.682213;0.785258;0.696322;0.815435;0.775635;0.773581
ID52;0.871134;0.692885;0.563963;0.789579;0.823776;0.698531;0.655176;0.788079;0.927675;0.700481;0.725617;0.898275;0.948843;0.759505;0.647333;0.810512;0.927070;0.908671;0.672149;0.662691;0.838831;0.879628;0.900716;0.574030;0.656104;0.911930;0.911689;0.686512;0.648016;0.876267;0.950594;0.985876;0.696833;0.722226;0.870789;0.902694;0.650265;0.580733;0.784105;0.659697;0.698954;0.775270;0.648663;0.698478;0.504220;0.839651;0.643183;0.788541;0.642156;0.775146;0.626039;0.824468;0.000000;0.638308;0.725083;0.607107;0.712799;0.622519;0.768871;0.665458;0.647501;0.670349
ID53;0.860544;0.673755;0.657727;0.849785;0.829480;0.730370;0.699373;0.791334;0.917906;0.740234;0.742417;0.892210;0.941892;0.759489;0.708696;0.727875;0.915333;0.900124;0.733150;0.703235;0.780569;0.858916;0.886915;0.620575;0.659914;0.900683;0.911220;0.706657;0.695752;0.884412;0.939588;0.978331;0.670722;0.734851;0.832302;0.888440;0.710688;0.624115;0.680424;0.702600;0.685931;0.719140;0.583597;0.587053;0.665444;0.794331;0.517280;0.648750;0.616448;0.704426;0.554108;0.727767;0.638308;0.000000;0.363946;0.602953;0.622117;0.683136;0.713093;0.679577;0.668936;0.653659
ID54;0.872011;0.753553;0.743598;0.873856;0.852030;0.772258;0.768277;0.815753;0.917130;0.782675;0.789091;0.896527;0.945147;0.800798;0.760570;0.683518;0.914575;0.902486;0.781376;0.755240;0.719061;0.872894;0.888898;0.692062;0.720820;0.901622;0.912133;0.738356;0.739128;0.895868;0.935189;0.971325;0.734719;0.766405;0.783851;0.894700;0.761482;0.700481;0.609309;0.772986;0.708006;0.693002;0.634464;0.596784;0.732214;0.731218;0.590811;0.562209;0.648383;0.644237;0.621365;0.633573;0.725083;0.363946;0.000000;0.660472;0.598940;0.718852;0.682065;0.735956;0.713255;0.706398
ID55;0.831496;0.700333;0.667228;0.791793;0.783824;0.720135;0.690252;0.737998;0.917557;0.713670;0.716667;0.886628;0.941322;0.743461;0.610237;0.730359;0.916413;0.895563;0.691600;0.636579;0.767208;0.843376;0.879412;0.625840;0.662882;0.894800;0.903166;0.701737;0.644450;0.863400;0.942655;0.980990;0.689419;0.671960;0.819894;0.879849;0.727475;0.658766;0.749622;0.727014;0.598313;0.685726;0.700903;0.710901;0.611912;0.785855;0.592486;0.711028;0.649517;0.749384;0.633289;0.759574;0.607107;0.602953;0.660472;0.000000;0.456656;0.700929;0.767110;0.680654;0.613323;0.592915
ID56;0.838779;0.785861;0.761692;0.840596;0.827342;0.785075;0.765749;0.790476;0.909374;0.779332;0.783148;0.888178;0.945233;0.797637;0.701456;0.647127;0.911152;0.890271;0.757223;0.700544;0.679732;0.860579;0.870117;0.712884;0.731781;0.887702;0.898167;0.758332;0.718410;0.879002;0.933579;0.971986;0.761289;0.714902;0.747738;0.878764;0.779638;0.739372;0.662707;0.790915;0.643302;0.601994;0.728998;0.710127;0.700516;0.691690;0.647208;0.613624;0.665761;0.674506;0.679390;0.682213;0.712799;0.622117;0.598940;0.456656;0.000000;0.736877;0.713214;0.737265;0.695080;0.667851
ID57;0.873011;0.739659;0.653239;0.845449;0.827102;0.752903;0.704642;0.813406;0.917843;0.712775;0.744748;0.899043;0.941445;0.729057;0.720168;0.790199;0.918536;0.897410;0.719296;0.730188;0.802347;0.874723;0.897179;0.653543;0.743376;0.902036;0.898931;0.712293;0.691890;0.880103;0.943610;0.980640;0.735111;0.733240;0.833064;0.899674;0.683580;0.635836;0.728469;0.697576;0.727089;0.776796;0.674731;0.688633;0.670373;0.807402;0.653494;0.732901;0.673632;0.776405;0.678319;0.785258;0.622519;0.683136;0.718852;0.700929;0.736877;0.000000;0.551669;0.676393;0.700348;0.696303
ID58;0.892544;0.829298;0.787974;0.898714;0.871863;0.824574;0.801911;0.866280;0.921920;0.802586;0.822108;0.917568;0.950630;0.823978;0.802037;0.726069;0.922780;0.909650;0.810858;0.802069;0.738004;0.898886;0.909245;0.771220;0.806535;0.905810;0.899884;0.784836;0.772795;0.906415;0.938630;0.967934;0.822074;0.792559;0.763186;0.914204;0.795889;0.780239;0.623333;0.814028;0.765125;0.728992;0.743231;0.709621;0.755502;0.704028;0.714047;0.659245;0.738538;0.681911;0.748812;0.696322;0.768871;0.713093;0.682065;0.767110;0.713214;0.551669;0.000000;0.771170;0.790179;0.774299
ID59;0.871172;0.737226;0.631808;0.826151;0.839145;0.770733;0.634183;0.796341;0.925774;0.793352;0.737699;0.898984;0.944200;0.792113;0.701397;0.814837;0.919872;0.912249;0.736081;0.714541;0.828176;0.877319;0.899607;0.665693;0.704727;0.909630;0.918018;0.780967;0.765656;0.901284;0.948024;0.984348;0.740817;0.762548;0.874159;0.894756;0.739369;0.686668;0.787570;0.699992;0.725100;0.774727;0.746799;0.761224;0.672170;0.850960;0.657402;0.780248;0.624328;0.761262;0.674051;0.815435;0.665458;0.679577;0.735956;0.680654;0.737265;0.676393;0.771170;0.000000;0.697637;0.616438
ID60;0.844186;0.652106;0.634179;0.790869;0.800130;0.642387;0.705849;0.767037;0.920299;0.640338;0.657798;0.882356;0.939919;0.694534;0.622044;0.782309;0.916961;0.890128;0.620379;0.596479;0.796292;0.843663;0.876446;0.564350;0.632666;0.897435;0.905201;0.671816;0.676720;0.862516;0.943556;0.982939;0.652489;0.663490;0.847628;0.884625;0.677987;0.656277;0.766089;0.716369;0.702794;0.770096;0.717817;0.737834;0.653687;0.828523;0.610804;0.745044;0.700060;0.782730;0.580687;0.775635;0.647501;0.668936;0.713255;0.613323;0.695080;0.700348;0.790179;0.697637;0.000000;0.566632
ID61;0.848423;0.691994;0.628819;0.825523;0.812834;0.726122;0.710788;0.778309;0.922288;0.701430;0.694013;0.888610;0.940005;0.707809;0.653871;0.775921;0.917525;0.894246;0.686165;0.615466;0.771107;0.849640;0.878424;0.640988;0.621458;0.901662;0.909739;0.679613;0.654317;0.883871;0.944736;0.983369;0.645975;0.660684;0.826116;0.887901;0.708641;0.629165;0.739664;0.728586;0.685842;0.738181;0.697384;0.714050;0.689520;0.826663;0.607272;0.741859;0.619980;0.737546;0.592576;0.773581;0.670349;0.653659;0.706398;0.592915;0.667851;0.696303;0.774299;0.616438;0.566632;0.000000
