;ID0;ID1;ID2;ID3;ID4;ID5;ID6;ID7;ID8;ID9;ID10;ID11;ID12;ID13;ID14;ID15;ID16;ID17;ID18;ID19;ID20;ID21;ID22;ID23;ID24;ID25;ID26;ID27;ID28;ID29;ID30;ID31;ID32;ID33;ID34;ID35;ID36;ID37;ID38;ID39;ID40;ID41;ID42;ID43;ID44;ID45;ID46;ID47;ID48;ID49;ID50;ID51;ID52;ID53;ID54;ID55;ID56;ID57;ID58;ID59;ID60;ID61
ID0;0.000000;0.774992;0.749852;0.768072;0.392282;0.796462;0.764133;0.741560;0.443921;0.766773;0.777879;0.722802;0.892192;0.782066;0.755175;0.820347;0.806051;0.668519;0.774049;0.752926;0.825084;0.795283;0.465052;0.733490;0.778089;0.364947;0.348747;0.782770;0.768171;0.366627;0.813957;0.918350;0.782481;0.796384;0.883559;0.749190;0.768113;0.765686;0.794104;0.783758;0.760116;0.781253;0.773870;0.777901;0.760590;0.838096;0.727552;0.786902;0.768433;0.813297;0.750899;0.824952;0.771690;0.755224;0.773067;0.711591;0.722325;0.774640;0.805941;0.771748;0.730383;0.736749
ID1;0.774992;0.000000;0.473737;0.707797;0.725634;0.436385;0.541788;0.662957;0.874690;0.479836;0.497416;0.825016;0.900094;0.577895;0.528284;0.749894;0.877881;0.855188;0.471269;0.562953;0.785659;0.764672;0.828688;0.456384;0.430984;0.852646;0.858852;0.557939;0.592723;0.809799;0.914535;0.975897;0.451180;0.608393;0.833572;0.829293;0.570352;0.519214;0.699377;0.514732;0.632444;0.716231;0.518732;0.569066;0.586488;0.820233;0.444559;0.655479;0.559819;0.700852;0.418625;0.725824;0.530087;0.508017;0.604560;0.538855;0.647258;0.586872;0.708376;0.583814;0.483796;0.529045
ID2;0.749852;0.473737;0.000000;0.628553;0.666615;0.540084;0.485597;0.609847;0.878677;0.517027;0.542817;0.822617;0.900857;0.594476;0.542810;0.725923;0.865913;0.838747;0.521633;0.540277;0.755126;0.757454;0.823396;0.420350;0.509370;0.839507;0.854482;0.524152;0.467806;0.781982;0.914674;0.975584;0.481995;0.606556;0.809283;0.825590;0.462379;0.394079;0.652035;0.499791;0.603946;0.688981;0.498971;0.546691;0.423927;0.751867;0.456334;0.659585;0.514004;0.667866;0.456187;0.721255;0.392721;0.490009;0.591847;0.500632;0.615107;0.485044;0.650130;0.461783;0.464320;0.458597
ID3;0.768072;0.707797;0.628553;0.000000;0.616151;0.683879;0.649463;0.498450;0.822959;0.716943;0.689772;0.682948;0.841110;0.766629;0.691224;0.821099;0.794157;0.807061;0.719450;0.707314;0.833640;0.779020;0.789127;0.648404;0.744181;0.825189;0.839694;0.749789;0.704508;0.791670;0.857193;0.928926;0.752261;0.733218;0.863779;0.749474;0.692661;0.716778;0.816337;0.753788;0.746637;0.792073;0.781362;0.800936;0.621581;0.831350;0.709065;0.794381;0.739870;0.819987;0.728727;0.841825;0.652318;0.738806;0.775971;0.655345;0.725024;0.732275;0.816058;0.703796;0.654080;0.702886
ID4;0.392282;0.725634;0.666615;0.616151;0.000000;0.736706;0.701225;0.578445;0.474013;0.699416;0.731792;0.639751;0.814908;0.732451;0.717815;0.802767;0.727599;0.585551;0.731963;0.724681;0.824253;0.701164;0.427851;0.636242;0.743402;0.503240;0.483289;0.728998;0.685989;0.490726;0.739810;0.862352;0.729379;0.734649;0.855089;0.670429;0.711861;0.682194;0.766199;0.762702;0.748745;0.780410;0.724595;0.740172;0.664622;0.800798;0.683840;0.766318;0.738064;0.788027;0.712546;0.817695;0.700356;0.708643;0.742206;0.644499;0.705527;0.705178;0.772835;0.722868;0.666848;0.684685
ID5;0.796462;0.436385;0.540084;0.683879;0.736706;0.000000;0.562377;0.683704;0.871420;0.424527;0.460624;0.829109;0.903821;0.601566;0.496137;0.722552;0.874278;0.846402;0.491390;0.588538;0.762328;0.800997;0.835606;0.480121;0.529249;0.835247;0.842901;0.465391;0.541645;0.784132;0.908834;0.973517;0.580716;0.584996;0.811276;0.838590;0.513052;0.579355;0.698878;0.579502;0.581674;0.673571;0.633469;0.667362;0.521164;0.763659;0.496246;0.651022;0.597032;0.690344;0.558973;0.736041;0.536725;0.575262;0.629007;0.562665;0.646192;0.603724;0.701511;0.626986;0.473174;0.570009
ID6;0.764133;0.541788;0.485597;0.649463;0.701225;0.562377;0.000000;0.663086;0.873309;0.593005;0.499993;0.828827;0.900490;0.654919;0.490130;0.680245;0.863372;0.853375;0.606165;0.563586;0.766058;0.824716;0.834426;0.487157;0.567031;0.854488;0.857370;0.623637;0.569121;0.812364;0.910314;0.972547;0.607987;0.614548;0.803352;0.814568;0.547044;0.514226;0.695458;0.480145;0.567769;0.648372;0.600146;0.634700;0.422103;0.753051;0.496226;0.665147;0.468907;0.655688;0.532172;0.757614;0.487184;0.537720;0.623742;0.527011;0.620416;0.543975;0.669325;0.464325;0.545415;0.551335
ID7;0.741560;0.662957;0.609847;0.498450;0.578445;0.683704;0.663086;0.000000;0.867539;0.704857;0.691079;0.825278;0.911571;0.740203;0.680178;0.799605;0.862427;0.844166;0.687962;0.668241;0.794971;0.811568;0.812450;0.596149;0.672438;0.822086;0.845972;0.695683;0.694031;0.761679;0.903433;0.965553;0.678926;0.726830;0.860592;0.812403;0.703895;0.660508;0.742588;0.713297;0.699466;0.752303;0.680463;0.696137;0.655659;0.802272;0.618600;0.729832;0.688686;0.760838;0.644694;0.762156;0.650273;0.654716;0.688837;0.584783;0.653543;0.685496;0.764104;0.661600;0.622109;0.637075
ID8;0.443921;0.874690;0.878677;0.822959;0.474013;0.871420;0.873309;0.867539;0.000000;0.868293;0.849824;0.518511;0.674224;0.838588;0.854073;0.847178;0.581179;0.461965;0.862609;0.850606;0.859327;0.645788;0.327077;0.859105;0.867552;0.442503;0.399293;0.877347;0.864854;0.523011;0.568457;0.805580;0.864555;0.847511;0.864880;0.571015;0.878564;0.875621;0.876022;0.895396;0.855597;0.858108;0.864541;0.864833;0.858930;0.873117;0.846171;0.837314;0.847583;0.854284;0.846815;0.859219;0.865106;0.848268;0.846944;0.847673;0.833809;0.848160;0.855151;0.861806;0.852364;0.855784
ID9;0.766773;0.479836;0.517027;0.716943;0.699416;0.424527;0.593005;0.704857;0.868293;0.000000;0.486365;0.821113;0.893729;0.465098;0.519552;0.719353;0.867352;0.824055;0.503310;0.562586;0.751086;0.749622;0.811600;0.486563;0.513667;0.829749;0.834170;0.463997;0.463622;0.774927;0.902153;0.966533;0.534916;0.535007;0.778738;0.827311;0.518817;0.588996;0.700490;0.617747;0.597272;0.682427;0.599035;0.632556;0.517342;0.772297;0.492255;0.642749;0.637581;0.725122;0.549186;0.729217;0.539031;0.587597;0.642947;0.554811;0.638447;0.553730;0.670266;0.657484;0.470953;0.540156
ID10;0.777879;0.497416;0.542817;0.689772;0.731792;0.460624;0.499993;0.691079;0.849824;0.486365;0.000000;0.785331;0.879297;0.503473;0.429403;0.690175;0.846453;0.810726;0.490392;0.513813;0.735474;0.753311;0.803098;0.545511;0.537976;0.812265;0.813388;0.545150;0.551253;0.792552;0.887377;0.960080;0.533616;0.451681;0.758425;0.802774;0.581491;0.588274;0.730634;0.602980;0.553054;0.654640;0.655300;0.689150;0.533593;0.767383;0.522520;0.650272;0.582222;0.703687;0.558732;0.745418;0.569387;0.590352;0.651651;0.558442;0.643586;0.593306;0.697949;0.584408;0.490088;0.531409
ID11;0.722802;0.825016;0.822617;0.682948;0.639751;0.829109;0.828827;0.825278;0.518511;0.821113;0.785331;0.000000;0.551255;0.791978;0.809643;0.835244;0.462776;0.455549;0.828650;0.807714;0.848085;0.463666;0.480761;0.813457;0.812068;0.696252;0.703505;0.835595;0.810467;0.780549;0.453550;0.785556;0.801055;0.788788;0.845640;0.425351;0.843908;0.827471;0.842583;0.862312;0.826575;0.836209;0.819199;0.824619;0.811957;0.870513;0.790418;0.808786;0.812055;0.847057;0.799193;0.853429;0.815334;0.805396;0.812459;0.796344;0.798849;0.816602;0.847691;0.816504;0.789479;0.799548
ID12;0.892192;0.900094;0.900857;0.841110;0.814908;0.903821;0.900490;0.911571;0.674224;0.893729;0.879297;0.551255;0.000000;0.868877;0.885384;0.895513;0.482045;0.489703;0.892829;0.882556;0.905945;0.501238;0.652140;0.898203;0.893469;0.853779;0.852248;0.908714;0.901050;0.931230;0.392238;0.789547;0.890681;0.880005;0.902106;0.519575;0.906639;0.900101;0.910422;0.911952;0.892191;0.901494;0.907346;0.909882;0.890129;0.924290;0.881841;0.892506;0.898446;0.914498;0.891387;0.917313;0.902665;0.890167;0.895999;0.889149;0.896154;0.889367;0.905906;0.894298;0.886648;0.886802
ID13;0.782066;0.577895;0.594476;0.766629;0.732451;0.601566;0.654919;0.740203;0.838588;0.465098;0.503473;0.791978;0.868877;0.000000;0.517704;0.720549;0.841918;0.800526;0.530951;0.541499;0.736264;0.725092;0.798940;0.574406;0.547076;0.810826;0.805646;0.503770;0.521323;0.804299;0.874627;0.949670;0.550775;0.490828;0.770434;0.802154;0.629514;0.599217;0.734712;0.668262;0.587274;0.666807;0.633813;0.666637;0.632912;0.800302;0.572855;0.691501;0.646327;0.756837;0.589509;0.746578;0.612259;0.612239;0.667776;0.591674;0.663391;0.573635;0.700649;0.655783;0.532021;0.547758
ID14;0.755175;0.528284;0.542810;0.691224;0.717815;0.496137;0.490130;0.680178;0.854073;0.519552;0.429403;0.809643;0.885384;0.517704;0.000000;0.542427;0.855477;0.827259;0.455404;0.312598;0.610521;0.762928;0.811328;0.499822;0.535871;0.831774;0.828440;0.567142;0.517986;0.785656;0.897781;0.967251;0.556462;0.444574;0.704132;0.799260;0.575471;0.561843;0.694857;0.558438;0.476236;0.563891;0.660494;0.686068;0.471544;0.730144;0.468807;0.616214;0.569326;0.670830;0.529683;0.705742;0.478560;0.548822;0.613645;0.439094;0.540187;0.562705;0.669500;0.540117;0.451426;0.485742
ID15;0.820347;0.749894;0.725923;0.821099;0.802767;0.722552;0.680245;0.799605;0.847178;0.719353;0.690175;0.835244;0.895513;0.720549;0.542427;0.000000;0.850987;0.835098;0.662571;0.543478;0.344869;0.793594;0.821927;0.682687;0.682789;0.840661;0.831246;0.702621;0.629850;0.851639;0.874707;0.930679;0.713029;0.610092;0.488989;0.827266;0.719012;0.688054;0.570974;0.728980;0.586677;0.501556;0.680059;0.653663;0.639862;0.523652;0.588723;0.470835;0.612190;0.563446;0.625189;0.545629;0.681395;0.572172;0.519200;0.575249;0.478335;0.653164;0.569944;0.687531;0.642452;0.633882
ID16;0.806051;0.877881;0.865913;0.794157;0.727599;0.874278;0.863372;0.862427;0.581179;0.867352;0.846453;0.462776;0.482045;0.841918;0.855477;0.850987;0.000000;0.375073;0.872581;0.852820;0.866055;0.416635;0.531093;0.861122;0.859887;0.768667;0.775529;0.874625;0.862013;0.863759;0.382442;0.752279;0.858797;0.842626;0.869239;0.347942;0.873972;0.861540;0.862463;0.892343;0.858849;0.861467;0.864926;0.865939;0.849106;0.871214;0.842086;0.834061;0.851886;0.862245;0.845903;0.860720;0.864054;0.843883;0.842596;0.845722;0.836803;0.849344;0.856630;0.851632;0.846656;0.847619
ID17;0.668519;0.855188;0.838747;0.807061;0.585551;0.846402;0.853375;0.844166;0.461965;0.824055;0.810726;0.455549;0.489703;0.800526;0.827259;0.835098;0.375073;0.000000;0.834740;0.823585;0.846520;0.462079;0.420075;0.819833;0.832419;0.657189;0.633446;0.837861;0.825364;0.740273;0.390047;0.775091;0.840150;0.802197;0.846011;0.399054;0.846215;0.833868;0.836025;0.871214;0.832777;0.837385;0.849920;0.850149;0.826233;0.850761;0.812363;0.822348;0.844330;0.864233;0.819460;0.860578;0.832627;0.818387;0.822300;0.810877;0.802242;0.813911;0.834273;0.838656;0.802010;0.808720
ID18;0.774049;0.471269;0.521633;0.719450;0.731963;0.491390;0.606165;0.687962;0.862609;0.503310;0.490392;0.828650;0.892829;0.530951;0.455404;0.662571;0.872581;0.834740;0.000000;0.416304;0.679106;0.781193;0.825006;0.449984;0.507041;0.827648;0.830212;0.545166;0.591705;0.791918;0.906144;0.971755;0.535517;0.559357;0.767119;0.819574;0.584706;0.590583;0.727098;0.591371;0.547135;0.630139;0.617977;0.660727;0.547680;0.749408;0.519799;0.664973;0.634279;0.726142;0.485378;0.710467;0.506193;0.578719;0.641195;0.528584;0.609299;0.561641;0.681885;0.582379;0.449674;0.522261
ID19;0.752926;0.562953;0.540277;0.707314;0.724681;0.588538;0.563586;0.668241;0.850606;0.562586;0.513813;0.807714;0.882556;0.541499;0.312598;0.543478;0.852820;0.823585;0.416304;0.000000;0.550967;0.752456;0.808600;0.495895;0.510066;0.831719;0.827096;0.599195;0.543431;0.795791;0.892628;0.964659;0.544809;0.446258;0.686611;0.796886;0.619354;0.558131;0.697310;0.588319;0.479430;0.546741;0.618130;0.653619;0.528040;0.736038;0.500932;0.637115;0.595441;0.695337;0.495204;0.681475;0.495540;0.542300;0.606735;0.466899;0.539106;0.575036;0.669545;0.555865;0.424988;0.444529
ID20;0.825084;0.785659;0.755126;0.833640;0.824253;0.762328;0.766058;0.794971;0.859327;0.751086;0.735474;0.848085;0.905945;0.736264;0.610521;0.344869;0.866055;0.846520;0.679106;0.550967;0.000000;0.800148;0.837189;0.714162;0.711869;0.845007;0.836499;0.729574;0.689264;0.864162;0.876735;0.926262;0.744256;0.652980;0.481830;0.843716;0.765160;0.726663;0.565606;0.770358;0.610815;0.518610;0.698872;0.658943;0.725019;0.552853;0.651758;0.509351;0.643064;0.582391;0.667441;0.512721;0.722402;0.640109;0.561355;0.622334;0.514844;0.669933;0.584791;0.706740;0.661533;0.627481
ID21;0.795283;0.764672;0.757454;0.779020;0.701164;0.800997;0.824716;0.811568;0.645788;0.749622;0.753311;0.463666;0.501238;0.725092;0.762928;0.793594;0.416635;0.462079;0.781193;0.752456;0.800148;0.000000;0.562517;0.759645;0.744339;0.769418;0.788651;0.766162;0.754277;0.855749;0.429678;0.756003;0.738893;0.742867;0.824391;0.438156;0.814515;0.755766;0.792267;0.837236;0.800278;0.818528;0.754253;0.762823;0.798652;0.865412;0.722962;0.774328;0.795184;0.839557;0.751629;0.818774;0.785121;0.752719;0.774456;0.729170;0.755278;0.777340;0.816343;0.781449;0.729600;0.738586
ID22;0.465052;0.828688;0.823396;0.789127;0.427851;0.835606;0.834426;0.812450;0.327077;0.811600;0.803098;0.480761;0.652140;0.798940;0.811328;0.821927;0.531093;0.420075;0.825006;0.808600;0.837189;0.562517;0.000000;0.803893;0.809087;0.462110;0.460476;0.830493;0.811015;0.546532;0.554120;0.769955;0.807160;0.787348;0.846832;0.495227;0.834708;0.822717;0.820220;0.864791;0.821733;0.828646;0.823026;0.824329;0.812878;0.857332;0.779925;0.790802;0.806667;0.830504;0.785503;0.830692;0.819367;0.796808;0.800015;0.784777;0.770095;0.813532;0.833593;0.817532;0.780065;0.783205
ID23;0.733490;0.456384;0.420350;0.648404;0.636242;0.480121;0.487157;0.596149;0.859105;0.486563;0.545511;0.813457;0.898203;0.574406;0.499822;0.682687;0.861122;0.819833;0.449984;0.495895;0.714162;0.759645;0.803893;0.000000;0.484150;0.823454;0.830939;0.491349;0.517936;0.743337;0.900999;0.969035;0.530728;0.564095;0.778740;0.810586;0.457198;0.458777;0.623343;0.533267;0.563409;0.644686;0.489316;0.524585;0.429471;0.715923;0.425982;0.611475;0.507446;0.636306;0.416342;0.671324;0.402554;0.449879;0.529125;0.455434;0.553861;0.485380;0.627631;0.498906;0.393098;0.471658
ID24;0.778089;0.430984;0.509370;0.744181;0.743402;0.529249;0.567031;0.672438;0.867552;0.513667;0.537976;0.812068;0.893469;0.547076;0.535871;0.682789;0.859887;0.832419;0.507041;0.510066;0.711869;0.744339;0.809087;0.484150;0.000000;0.836021;0.852862;0.539713;0.510240;0.827269;0.901926;0.970044;0.453741;0.554388;0.768270;0.821237;0.615664;0.509276;0.645904;0.523305;0.571285;0.635640;0.524407;0.561508;0.546188;0.763925;0.450094;0.622663;0.524576;0.636254;0.425086;0.681290;0.488211;0.492442;0.563501;0.495754;0.577014;0.591566;0.675793;0.544076;0.462701;0.450809
ID25;0.364947;0.852646;0.839507;0.825189;0.503240;0.835247;0.854488;0.822086;0.442503;0.829749;0.812265;0.696252;0.853779;0.810826;0.831774;0.840661;0.768667;0.657189;0.827648;0.831719;0.845007;0.769418;0.462110;0.823454;0.836021;0.000000;0.312259;0.828106;0.830729;0.366131;0.779445;0.864447;0.842979;0.820329;0.872372;0.740778;0.844556;0.855921;0.847854;0.865593;0.824294;0.827863;0.846072;0.845418;0.835638;0.856455;0.804281;0.806418;0.838446;0.860035;0.822865;0.847412;0.838117;0.819312;0.820866;0.809627;0.798079;0.821553;0.827836;0.834240;0.813952;0.820933
ID26;0.348747;0.858852;0.854482;0.839694;0.483289;0.842901;0.857370;0.845972;0.399293;0.834170;0.813388;0.703505;0.852248;0.805646;0.828440;0.831246;0.775529;0.633446;0.830212;0.827096;0.836499;0.788651;0.460476;0.830939;0.852862;0.312259;0.000000;0.824854;0.821317;0.370366;0.755783;0.876016;0.847122;0.822287;0.853684;0.733626;0.845265;0.861209;0.856356;0.864813;0.812673;0.811709;0.852732;0.854183;0.842615;0.843700;0.819309;0.822653;0.845615;0.853663;0.827217;0.841768;0.837710;0.836919;0.838460;0.823431;0.815157;0.816417;0.817990;0.848460;0.826819;0.834423
ID27;0.782770;0.557939;0.524152;0.749789;0.728998;0.465391;0.623637;0.695683;0.877347;0.463997;0.545150;0.835595;0.908714;0.503770;0.567142;0.702621;0.874625;0.837861;0.545166;0.599195;0.729574;0.766162;0.830493;0.491349;0.539713;0.828106;0.824854;0.000000;0.433447;0.759981;0.901697;0.969188;0.519799;0.581645;0.782641;0.847769;0.510065;0.516709;0.625555;0.632063;0.582491;0.660897;0.526965;0.556489;0.559602;0.734967;0.507503;0.611195;0.594948;0.681686;0.537238;0.673079;0.522663;0.546381;0.585233;0.540520;0.610737;0.553149;0.645869;0.640644;0.505815;0.514708
ID28;0.768171;0.592723;0.467806;0.704508;0.685989;0.541645;0.569121;0.694031;0.864854;0.463622;0.551253;0.810467;0.901050;0.521323;0.517986;0.629850;0.862013;0.825364;0.591705;0.543431;0.689264;0.754277;0.811015;0.517936;0.510240;0.830729;0.821317;0.433447;0.000000;0.751937;0.897732;0.966853;0.480903;0.494163;0.703585;0.817700;0.532931;0.475344;0.631224;0.626406;0.543229;0.604809;0.548182;0.587435;0.484778;0.698771;0.490515;0.610825;0.554730;0.643980;0.519681;0.699638;0.479308;0.533451;0.586204;0.475416;0.560562;0.528924;0.629720;0.620294;0.511396;0.486235
ID29;0.366627;0.809799;0.781982;0.791670;0.490726;0.784132;0.812364;0.761679;0.523011;0.774927;0.792552;0.780549;0.931230;0.804299;0.785656;0.851639;0.863759;0.740273;0.791918;0.795791;0.864162;0.855749;0.546532;0.743337;0.827269;0.366131;0.370366;0.759981;0.751937;0.000000;0.873012;0.953436;0.803628;0.785239;0.871989;0.806941;0.777603;0.805805;0.836116;0.833544;0.789342;0.818879;0.824166;0.828360;0.769834;0.851157;0.775063;0.820813;0.818820;0.862455;0.789458;0.859418;0.779782;0.792776;0.811377;0.759634;0.784124;0.785878;0.828846;0.820306;0.758266;0.791907
ID30;0.813957;0.914535;0.914674;0.857193;0.739810;0.908834;0.910314;0.903433;0.568457;0.902153;0.887377;0.453550;0.392238;0.874627;0.897781;0.874707;0.382442;0.390047;0.906144;0.892628;0.876735;0.429678;0.554120;0.900999;0.901926;0.779445;0.755783;0.901697;0.897732;0.873012;0.000000;0.702389;0.903269;0.885269;0.874650;0.389579;0.910982;0.906829;0.888268;0.924857;0.891626;0.885226;0.894649;0.890010;0.900902;0.888788;0.888871;0.868907;0.891401;0.886463;0.888605;0.881418;0.905840;0.886059;0.878268;0.891530;0.875432;0.893240;0.884358;0.901184;0.893144;0.895261
ID31;0.918350;0.975897;0.975584;0.928926;0.862352;0.973517;0.972547;0.965553;0.805580;0.966533;0.960080;0.785556;0.789547;0.949670;0.967251;0.930679;0.752279;0.775091;0.971755;0.964659;0.926262;0.756003;0.769955;0.969035;0.970044;0.864447;0.876016;0.969188;0.966853;0.953436;0.702389;0.000000;0.970902;0.961768;0.915185;0.755584;0.972306;0.969669;0.937001;0.977707;0.951599;0.937390;0.959884;0.951113;0.968306;0.916951;0.962768;0.935081;0.960428;0.935305;0.962101;0.923072;0.972146;0.957580;0.944249;0.962689;0.945499;0.962016;0.937861;0.969179;0.966450;0.967282
ID32;0.782481;0.451180;0.481995;0.752261;0.729379;0.580716;0.607987;0.678926;0.864555;0.534916;0.533616;0.801055;0.890681;0.550775;0.556462;0.713029;0.858797;0.840150;0.535517;0.544809;0.744256;0.738893;0.807160;0.530728;0.453741;0.842979;0.847122;0.519799;0.480903;0.803628;0.903269;0.970902;0.000000;0.560567;0.787794;0.818448;0.577745;0.489437;0.680451;0.610647;0.615617;0.688981;0.491466;0.553003;0.595689;0.791733;0.466054;0.624346;0.558394;0.667430;0.441138;0.674163;0.534723;0.504576;0.580676;0.526041;0.614581;0.581167;0.697900;0.588331;0.484218;0.477077
ID33;0.796384;0.608393;0.606556;0.733218;0.734649;0.584996;0.614548;0.726830;0.847511;0.535007;0.451681;0.788788;0.880005;0.490828;0.444574;0.610092;0.842626;0.802197;0.559357;0.446258;0.652980;0.742867;0.787348;0.564095;0.554388;0.820329;0.822287;0.581645;0.494163;0.785239;0.885269;0.961768;0.560567;0.000000;0.610933;0.806006;0.645244;0.610917;0.682825;0.693985;0.532176;0.593778;0.653510;0.672482;0.554307;0.709317;0.551399;0.635922;0.593834;0.684489;0.580317;0.712498;0.565222;0.580841;0.621278;0.505979;0.556301;0.578831;0.656396;0.616224;0.496434;0.493300
ID34;0.883559;0.833572;0.809283;0.863779;0.855089;0.811276;0.803352;0.860592;0.864880;0.778738;0.758425;0.845640;0.902106;0.770434;0.704132;0.488989;0.869239;0.846011;0.767119;0.686611;0.481830;0.824391;0.846832;0.778740;0.768270;0.872372;0.853684;0.782641;0.703585;0.871989;0.874650;0.915185;0.787794;0.610933;0.000000;0.853185;0.810476;0.793055;0.642078;0.846483;0.698945;0.612334;0.760941;0.721956;0.745370;0.572722;0.717818;0.590276;0.718219;0.624743;0.720633;0.600727;0.771149;0.712771;0.644535;0.694763;0.597110;0.713891;0.617059;0.776449;0.735551;0.703746
ID35;0.749190;0.829293;0.825590;0.749474;0.670429;0.838590;0.814568;0.812403;0.571015;0.827311;0.802774;0.425351;0.519575;0.802154;0.799260;0.827266;0.347942;0.399054;0.819574;0.796886;0.843716;0.438156;0.495227;0.810586;0.821237;0.740778;0.733626;0.847769;0.817700;0.806941;0.389579;0.755584;0.818448;0.806006;0.853185;0.000000;0.831502;0.829945;0.843597;0.851990;0.814447;0.829297;0.828476;0.833943;0.798203;0.856279;0.788179;0.810383;0.807075;0.834712;0.799971;0.846694;0.822646;0.799273;0.809464;0.785474;0.783746;0.817642;0.841967;0.809554;0.793119;0.798400
ID36;0.768113;0.570352;0.462379;0.692661;0.711861;0.513052;0.547044;0.703895;0.878564;0.518817;0.581491;0.843908;0.906639;0.629514;0.575471;0.719012;0.873972;0.846215;0.584706;0.619354;0.765160;0.814515;0.834708;0.457198;0.615664;0.844556;0.845265;0.510065;0.532931;0.777603;0.910982;0.972306;0.577745;0.645244;0.810476;0.831502;0.000000;0.498217;0.651653;0.503996;0.607832;0.689517;0.569695;0.597812;0.429215;0.744972;0.519134;0.655538;0.541194;0.668800;0.506496;0.726426;0.481772;0.551215;0.614834;0.571678;0.638857;0.519272;0.660976;0.586507;0.512844;0.548756
ID37;0.765686;0.519214;0.394079;0.716778;0.682194;0.579355;0.514226;0.660508;0.875621;0.588996;0.588274;0.827471;0.900101;0.599217;0.561843;0.688054;0.861540;0.833868;0.590583;0.558131;0.726663;0.755766;0.822717;0.458777;0.509276;0.855921;0.861209;0.516709;0.475344;0.805805;0.906829;0.969669;0.489437;0.610917;0.793055;0.829945;0.498217;0.000000;0.500865;0.500897;0.574390;0.645341;0.418624;0.475371;0.495728;0.716552;0.461468;0.634103;0.483473;0.627200;0.458615;0.688501;0.409178;0.453609;0.539031;0.491164;0.586511;0.466100;0.639665;0.522844;0.488402;0.458965
ID38;0.794104;0.699377;0.652035;0.816337;0.766199;0.698878;0.695458;0.742588;0.876022;0.700490;0.730634;0.842583;0.910422;0.734712;0.694857;0.570974;0.862463;0.836025;0.727098;0.697310;0.565606;0.792267;0.820220;0.623343;0.645904;0.847854;0.856356;0.625555;0.631224;0.836116;0.888268;0.937001;0.680451;0.682825;0.642078;0.843597;0.651653;0.500865;0.000000;0.712705;0.620323;0.565746;0.534337;0.474474;0.644028;0.529629;0.550411;0.447144;0.544971;0.463480;0.558332;0.477714;0.644879;0.515638;0.438134;0.599516;0.495559;0.572908;0.452785;0.649579;0.620862;0.586878
ID39;0.783758;0.514732;0.499791;0.753788;0.762702;0.579502;0.480145;0.713297;0.895396;0.617747;0.602980;0.862312;0.911952;0.668262;0.558438;0.728980;0.892343;0.871214;0.591371;0.588319;0.770358;0.837236;0.864791;0.533267;0.523305;0.865593;0.864813;0.632063;0.626406;0.833544;0.924857;0.977707;0.610647;0.693985;0.846483;0.851990;0.503996;0.500897;0.712705;0.000000;0.576370;0.667981;0.562615;0.608366;0.511850;0.780488;0.507555;0.693305;0.532509;0.707299;0.513301;0.744674;0.492200;0.541545;0.629973;0.571109;0.654143;0.535598;0.686380;0.538453;0.558080;0.573051
ID40;0.760116;0.632444;0.603946;0.746637;0.748745;0.581674;0.567769;0.699466;0.855597;0.597272;0.553054;0.826575;0.892191;0.587274;0.476236;0.586677;0.858849;0.832777;0.547135;0.479430;0.610815;0.800278;0.821733;0.563409;0.571285;0.824294;0.812673;0.582491;0.543229;0.789342;0.891626;0.951599;0.615617;0.532176;0.698945;0.814447;0.607832;0.574390;0.620323;0.576370;0.000000;0.282597;0.605297;0.615519;0.510033;0.655586;0.507815;0.567680;0.534393;0.626459;0.552946;0.636696;0.537225;0.521990;0.547994;0.426852;0.474168;0.571201;0.619597;0.568751;0.541775;0.521887
ID41;0.781253;0.716231;0.688981;0.792073;0.780410;0.673571;0.648372;0.752303;0.858108;0.682427;0.654640;0.836209;0.901494;0.666807;0.563891;0.501556;0.861467;0.837385;0.630139;0.546741;0.518610;0.818528;0.828646;0.644686;0.635640;0.827863;0.811709;0.660897;0.604809;0.818879;0.885226;0.937390;0.688981;0.593778;0.612334;0.829297;0.689517;0.645341;0.565746;0.667981;0.282597;0.000000;0.634467;0.614996;0.582060;0.560081;0.568567;0.510717;0.567305;0.557062;0.615236;0.569152;0.633013;0.561451;0.530224;0.521752;0.430609;0.635051;0.573554;0.632290;0.626143;0.585013
ID42;0.773870;0.518732;0.498971;0.781362;0.724595;0.633469;0.600146;0.680463;0.864541;0.599035;0.655300;0.819199;0.907346;0.633813;0.660494;0.680059;0.864926;0.849920;0.617977;0.618130;0.698872;0.754253;0.823026;0.489316;0.524407;0.846072;0.852732;0.526965;0.548182;0.824166;0.894649;0.959884;0.491466;0.653510;0.760941;0.828476;0.569695;0.418624;0.534337;0.562615;0.605297;0.634467;0.000000;0.162696;0.573979;0.723631;0.433375;0.533661;0.499403;0.594017;0.434214;0.579726;0.480016;0.412027;0.464626;0.539531;0.573562;0.509128;0.591383;0.595913;0.559840;0.535372
ID43;0.777901;0.569066;0.546691;0.800936;0.740172;0.667362;0.634700;0.696137;0.864833;0.632556;0.689150;0.824619;0.909882;0.666637;0.686068;0.653663;0.865939;0.850149;0.660727;0.653619;0.658943;0.762823;0.824329;0.524585;0.561508;0.845418;0.854183;0.556489;0.587435;0.828360;0.890010;0.951113;0.553003;0.672482;0.721956;0.833943;0.597812;0.475371;0.474474;0.608366;0.615519;0.614996;0.162696;0.000000;0.595640;0.683604;0.445148;0.486730;0.496379;0.553235;0.457641;0.517618;0.536663;0.415481;0.425297;0.551471;0.550540;0.525126;0.549932;0.614497;0.584578;0.555270
ID44;0.760590;0.586488;0.423927;0.621581;0.664622;0.521164;0.422103;0.655659;0.858930;0.517342;0.533593;0.811957;0.890129;0.632912;0.471544;0.639862;0.849106;0.826233;0.547680;0.528040;0.725019;0.798652;0.812878;0.429471;0.546188;0.835638;0.842615;0.559602;0.484778;0.769834;0.900902;0.968306;0.595689;0.554307;0.745370;0.798203;0.429215;0.495728;0.644028;0.511850;0.510033;0.582060;0.573979;0.595640;0.000000;0.660100;0.478290;0.632557;0.456190;0.610582;0.523600;0.717164;0.337095;0.498626;0.577553;0.440831;0.539072;0.504182;0.607073;0.506217;0.485539;0.526158
ID45;0.838096;0.820233;0.751867;0.831350;0.800798;0.763659;0.753051;0.802272;0.873117;0.772297;0.767383;0.870513;0.924290;0.800302;0.730144;0.523652;0.871214;0.850761;0.749408;0.736038;0.552853;0.865412;0.857332;0.715923;0.763925;0.856455;0.843700;0.734967;0.698771;0.851157;0.888788;0.916951;0.791733;0.709317;0.572722;0.856279;0.744972;0.716552;0.529629;0.780488;0.655586;0.560081;0.723631;0.683604;0.660100;0.000000;0.690031;0.525902;0.671309;0.506987;0.711262;0.526417;0.723619;0.658830;0.576314;0.647250;0.528690;0.677011;0.543243;0.740584;0.707246;0.704540
ID46;0.727552;0.444559;0.456334;0.709065;0.683840;0.496246;0.496226;0.618600;0.846171;0.492255;0.522520;0.790418;0.881841;0.572855;0.468807;0.588723;0.842086;0.812363;0.519799;0.500932;0.651758;0.722962;0.779925;0.425982;0.450094;0.804281;0.819309;0.507503;0.490515;0.775063;0.888871;0.962768;0.466054;0.551399;0.717818;0.788179;0.519134;0.461468;0.550411;0.507555;0.507815;0.568567;0.433375;0.445148;0.478290;0.690031;0.000000;0.404197;0.464619;0.569488;0.348718;0.587437;0.474038;0.348872;0.419256;0.420945;0.478424;0.485326;0.555267;0.489649;0.439682;0.436031
ID47;0.786902;0.655479;0.659585;0.794381;0.766318;0.651022;0.665147;0.729832;0.837314;0.642749;0.650272;0.808786;0.892506;0.691501;0.616214;0.470835;0.834061;0.822348;0.664973;0.637115;0.509351;0.774328;0.790802;0.611475;0.622663;0.806418;0.822653;0.611195;0.610825;0.820813;0.868907;0.935081;0.624346;0.635922;0.590276;0.810383;0.655538;0.634103;0.447144;0.693305;0.567680;0.510717;0.533661;0.486730;0.632557;0.525902;0.404197;0.000000;0.529830;0.468838;0.513540;0.385669;0.650902;0.480111;0.391023;0.551625;0.442610;0.578408;0.491697;0.639678;0.593682;0.589647
ID48;0.768433;0.559819;0.514004;0.739870;0.738064;0.597032;0.468907;0.688686;0.847583;0.637581;0.582222;0.812055;0.898446;0.646327;0.569326;0.612190;0.851886;0.844330;0.634279;0.595441;0.643064;0.795184;0.806667;0.507446;0.524576;0.838446;0.845615;0.594948;0.554730;0.818820;0.891401;0.960428;0.558394;0.593834;0.718219;0.807075;0.541194;0.483473;0.544971;0.532509;0.534393;0.567305;0.499403;0.496379;0.456190;0.671309;0.464619;0.529830;0.000000;0.385276;0.444084;0.579809;0.472924;0.445554;0.479709;0.480952;0.498982;0.507877;0.585462;0.453835;0.538533;0.449255
ID49;0.813297;0.700852;0.667866;0.819987;0.788027;0.690344;0.655688;0.760838;0.854284;0.725122;0.703687;0.847057;0.914498;0.756837;0.670830;0.563446;0.862245;0.864233;0.726142;0.695337;0.582391;0.839557;0.830504;0.636306;0.636254;0.860035;0.853663;0.681686;0.643980;0.862455;0.886463;0.935305;0.667430;0.684489;0.624743;0.834712;0.668800;0.627200;0.463480;0.707299;0.626459;0.557062;0.594017;0.553235;0.610582;0.506987;0.569488;0.468838;0.385276;0.000000;0.555557;0.463228;0.632847;0.543717;0.475184;0.599212;0.508871;0.634528;0.517349;0.614547;0.643021;0.584217
ID50;0.750899;0.418625;0.456187;0.728727;0.712546;0.558973;0.532172;0.644694;0.846815;0.549186;0.558732;0.799193;0.891387;0.589509;0.529683;0.625189;0.845903;0.819460;0.485378;0.495204;0.667441;0.751629;0.785503;0.416342;0.425086;0.822865;0.827217;0.537238;0.519681;0.789458;0.888605;0.962101;0.441138;0.580317;0.720633;0.799971;0.506496;0.458615;0.558332;0.513301;0.552946;0.615236;0.434214;0.457641;0.523600;0.711262;0.348718;0.513540;0.444084;0.555557;0.000000;0.531813;0.455646;0.383229;0.450710;0.463368;0.514451;0.513224;0.598480;0.508353;0.409132;0.421036
ID51;0.824952;0.725824;0.721255;0.841825;0.817695;0.736041;0.757614;0.762156;0.859219;0.729217;0.745418;0.853429;0.917313;0.746578;0.705742;0.545629;0.860720;0.860578;0.710467;0.681475;0.512721;0.818774;0.830692;0.671324;0.681290;0.847412;0.841768;0.673079;0.699638;0.859418;0.881418;0.923072;0.674163;0.712498;0.600727;0.846694;0.726426;0.688501;0.477714;0.744674;0.636696;0.569152;0.579726;0.517618;0.717164;0.526417;0.587437;0.385669;0.579809;0.463228;0.531813;0.000000;0.701358;0.572039;0.463672;0.612350;0.517696;0.646440;0.534121;0.688383;0.633500;0.630764
ID52;0.771690;0.530087;0.392721;0.652318;0.700356;0.536725;0.487184;0.650273;0.865106;0.539031;0.569387;0.815334;0.902665;0.612259;0.478560;0.681395;0.864054;0.832627;0.506193;0.495540;0.722402;0.785121;0.819367;0.402554;0.488211;0.838117;0.837710;0.522663;0.479308;0.779782;0.905840;0.972146;0.534723;0.565222;0.771149;0.822646;0.481772;0.409178;0.644879;0.492200;0.537225;0.633013;0.480016;0.536663;0.337095;0.723619;0.474038;0.650902;0.472924;0.632847;0.455646;0.701358;0.000000;0.468761;0.568730;0.435860;0.553759;0.451926;0.624525;0.498641;0.478744;0.504154
ID53;0.755224;0.508017;0.490009;0.738806;0.708643;0.575262;0.537720;0.654716;0.848268;0.587597;0.590352;0.805396;0.890167;0.612239;0.548822;0.572172;0.843883;0.818387;0.578719;0.542300;0.640109;0.752719;0.796808;0.449879;0.492442;0.819312;0.836919;0.546381;0.533451;0.792776;0.886059;0.957580;0.504576;0.580841;0.712771;0.799273;0.551215;0.453609;0.515638;0.541545;0.521990;0.561451;0.412027;0.415481;0.498626;0.658830;0.348872;0.480111;0.445554;0.543717;0.383229;0.572039;0.468761;0.000000;0.222454;0.431591;0.451502;0.518760;0.554113;0.514666;0.502558;0.485508
ID54;0.773067;0.604560;0.591847;0.775971;0.742206;0.629007;0.623742;0.688837;0.846944;0.642947;0.651651;0.812459;0.895999;0.667776;0.613645;0.519200;0.842596;0.822300;0.641195;0.606735;0.561355;0.774456;0.800015;0.529125;0.563501;0.820866;0.838460;0.585233;0.586204;0.811377;0.878268;0.944249;0.580676;0.621278;0.644535;0.809464;0.614834;0.539031;0.438134;0.629973;0.547994;0.530224;0.464626;0.425297;0.577553;0.576314;0.419256;0.391023;0.479709;0.475184;0.450710;0.463672;0.568730;0.222454;0.000000;0.493063;0.427490;0.561100;0.517526;0.582223;0.554310;0.546070
ID55;0.711591;0.538855;0.500632;0.655345;0.644499;0.562665;0.527011;0.584783;0.847673;0.554811;0.558442;0.796344;0.889149;0.591674;0.439094;0.575249;0.845722;0.810877;0.528584;0.466899;0.622334;0.729170;0.784777;0.455434;0.495754;0.809627;0.823431;0.540520;0.475416;0.759634;0.891530;0.962689;0.526041;0.505979;0.694763;0.785474;0.571678;0.491164;0.599516;0.571109;0.426852;0.521752;0.539531;0.551471;0.440831;0.647250;0.420945;0.551625;0.480952;0.599212;0.463368;0.612350;0.435860;0.431591;0.493063;0.000000;0.295887;0.539562;0.622205;0.515902;0.442297;0.421378
ID56;0.722325;0.647258;0.615107;0.725024;0.705527;0.646192;0.620416;0.653543;0.833809;0.638447;0.643586;0.798849;0.896154;0.663391;0.540187;0.478335;0.836803;0.802242;0.609299;0.539106;0.514844;0.755278;0.770095;0.553861;0.577014;0.798079;0.815157;0.610737;0.560562;0.784124;0.875432;0.945499;0.614581;0.556301;0.597110;0.783746;0.638857;0.586511;0.495559;0.654143;0.474168;0.430609;0.573562;0.550540;0.539072;0.528690;0.478424;0.442610;0.498982;0.508871;0.514451;0.517696;0.553759;0.451502;0.427490;0.295887;0.000000;0.583377;0.554261;0.583864;0.532661;0.501334
ID57;0.774640;0.586872;0.485044;0.732275;0.705178;0.603724;0.543975;0.685496;0.848160;0.553730;0.593306;0.816602;0.889367;0.573635;0.562705;0.653164;0.849344;0.813911;0.561641;0.575036;0.669933;0.777340;0.813532;0.485380;0.591566;0.821553;0.816417;0.553149;0.528924;0.785878;0.893240;0.962016;0.581167;0.578831;0.713891;0.817642;0.519272;0.466100;0.572908;0.535598;0.571201;0.635051;0.509128;0.525126;0.504182;0.677011;0.485326;0.578408;0.507877;0.634528;0.513224;0.646440;0.451926;0.518760;0.561100;0.539562;0.583377;0.000000;0.380900;0.511022;0.538873;0.534099
ID58;0.805941;0.708376;0.650130;0.816058;0.772835;0.701511;0.669325;0.764104;0.855151;0.670266;0.697949;0.847691;0.905906;0.700649;0.669500;0.569944;0.856630;0.834273;0.681885;0.669545;0.584791;0.816343;0.833593;0.627631;0.675793;0.827836;0.817990;0.645869;0.629720;0.828846;0.884358;0.937861;0.697900;0.656396;0.617059;0.841967;0.660976;0.639665;0.452785;0.686380;0.619597;0.573554;0.591383;0.549932;0.607073;0.543243;0.555267;0.491697;0.585462;0.517349;0.598480;0.534121;0.624525;0.554113;0.517526;0.622205;0.554261;0.380900;0.000000;0.627564;0.653137;0.631720
ID59;0.771748;0.583814;0.461783;0.703796;0.722868;0.626986;0.464325;0.661600;0.861806;0.657484;0.584408;0.816504;0.894298;0.655783;0.540117;0.687531;0.851632;0.838656;0.582379;0.555865;0.706740;0.781449;0.817532;0.498906;0.544076;0.834240;0.848460;0.640644;0.620294;0.820306;0.901184;0.969179;0.588331;0.616224;0.776449;0.809554;0.586507;0.522844;0.649579;0.538453;0.568751;0.632290;0.595913;0.614497;0.506217;0.740584;0.489649;0.639678;0.453835;0.614547;0.508353;0.688383;0.498641;0.514666;0.582223;0.515902;0.583864;0.511022;0.627564;0.000000;0.535670;0.445545
ID60;0.730383;0.483796;0.464320;0.654080;0.666848;0.473174;0.545415;0.622109;0.852364;0.470953;0.490088;0.789479;0.886648;0.532021;0.451426;0.642452;0.846656;0.802010;0.449674;0.424988;0.661533;0.729600;0.780065;0.393098;0.462701;0.813952;0.826819;0.505815;0.511396;0.758266;0.893144;0.966450;0.484218;0.496434;0.735551;0.793119;0.512844;0.488402;0.620862;0.558080;0.541775;0.626143;0.559840;0.584578;0.485539;0.707246;0.439682;0.593682;0.538533;0.643021;0.409132;0.633500;0.478744;0.502558;0.554310;0.442297;0.532661;0.538873;0.653137;0.535670;0.000000;0.395315
ID61;0.736749;0.529045;0.458597;0.702886;0.684685;0.570009;0.551335;0.637075;0.855784;0.540156;0.531409;0.799548;0.886802;0.547758;0.485742;0.633882;0.847619;0.808720;0.522261;0.444529;0.627481;0.738586;0.783205;0.471658;0.450809;0.820933;0.834423;0.514708;0.486235;0.791907;0.895261;0.967282;0.477077;0.493300;0.703746;0.798400;0.548756;0.458965;0.586878;0.573051;0.521887;0.585013;0.535372;0.555270;0.526158;0.704540;0.436031;0.589647;0.449255;0.584217;0.421036;0.630764;0.504154;0.485508;0.546070;0.421378;0.501334;0.534099;0.631720;0.445545;0.395315;0.000000
