"TaxID"	"profile.n.150.size.7.5.k.100.sigma.1.0.up.0.75.mut_rate.0.0_sample_0"	"profile.n.150.size.7.5.k.100.sigma.1.0.up.0.75.mut_rate.0.0_sample_1"	"profile.n.150.size.7.5.k.100.sigma.1.0.up.0.75.mut_rate.0.0_sample_2"	"profile.n.150.size.7.5.k.100.sigma.1.0.up.0.75.mut_rate.0.0_sample_3"	"profile.n.150.size.7.5.k.100.sigma.1.0.up.0.75.mut_rate.0.0_sample_4"	"profile.n.300.size.0.05.k.100.sigma.1.0.up.0.75.mut_rate.0.0_sample_0"	"profile.n.300.size.0.05.k.100.sigma.1.0.up.0.75.mut_rate.0.0_sample_1"	"profile.n.300.size.0.05.k.100.sigma.1.0.up.0.75.mut_rate.0.0_sample_2"	"profile.n.300.size.0.05.k.100.sigma.1.0.up.0.75.mut_rate.0.0_sample_3"	"profile.n.300.size.0.05.k.100.sigma.1.0.up.0.75.mut_rate.0.0_sample_4"	"profile.n.300.size.0.5.k.100.sigma.1.0.up.0.75.mut_rate.0.0_sample_0"	"profile.n.300.size.0.5.k.100.sigma.1.0.up.0.75.mut_rate.0.0_sample_1"	"profile.n.300.size.0.5.k.100.sigma.1.0.up.0.75.mut_rate.0.0_sample_2"	"profile.n.300.size.0.5.k.100.sigma.1.0.up.0.75.mut_rate.0.0_sample_3"	"profile.n.300.size.0.5.k.100.sigma.1.0.up.0.75.mut_rate.0.0_sample_4"	"profile.n.300.size.1.5.k.100.sigma.1.0.up.0.75.mut_rate.0.0_sample_0"	"profile.n.300.size.1.5.k.100.sigma.1.0.up.0.75.mut_rate.0.0_sample_1"	"profile.n.300.size.1.5.k.100.sigma.1.0.up.0.75.mut_rate.0.0_sample_2"	"profile.n.300.size.1.5.k.100.sigma.1.0.up.0.75.mut_rate.0.0_sample_3"	"profile.n.300.size.1.5.k.100.sigma.1.0.up.0.75.mut_rate.0.0_sample_4"	"profile.n.300.size.30.0.k.100.sigma.1.0.up.0.75.mut_rate.0.0_sample_0"	"profile.n.300.size.30.0.k.100.sigma.1.0.up.0.75.mut_rate.0.0_sample_1"	"profile.n.300.size.30.0.k.100.sigma.1.0.up.0.75.mut_rate.0.0_sample_2"	"profile.n.300.size.30.0.k.100.sigma.1.0.up.0.75.mut_rate.0.0_sample_3"	"profile.n.300.size.30.0.k.100.sigma.1.0.up.0.75.mut_rate.0.0_sample_4"	"profile.n.300.size.7.5.k.100.sigma.0.5.up.0.75.mut_rate.0.0_sample_0"	"profile.n.300.size.7.5.k.100.sigma.0.5.up.0.75.mut_rate.0.0_sample_1"	"profile.n.300.size.7.5.k.100.sigma.0.5.up.0.75.mut_rate.0.0_sample_2"	"profile.n.300.size.7.5.k.100.sigma.0.5.up.0.75.mut_rate.0.0_sample_3"	"profile.n.300.size.7.5.k.100.sigma.0.5.up.0.75.mut_rate.0.0_sample_4"	"profile.n.300.size.7.5.k.100.sigma.1.0.up.0.0.mut_rate.0.0_sample_0"	"profile.n.300.size.7.5.k.100.sigma.1.0.up.0.0.mut_rate.0.0_sample_1"	"profile.n.300.size.7.5.k.100.sigma.1.0.up.0.0.mut_rate.0.0_sample_2"	"profile.n.300.size.7.5.k.100.sigma.1.0.up.0.0.mut_rate.0.0_sample_3"	"profile.n.300.size.7.5.k.100.sigma.1.0.up.0.0.mut_rate.0.0_sample_4"	"profile.n.300.size.7.5.k.100.sigma.1.0.up.0.25.mut_rate.0.0_sample_0"	"profile.n.300.size.7.5.k.100.sigma.1.0.up.0.25.mut_rate.0.0_sample_1"	"profile.n.300.size.7.5.k.100.sigma.1.0.up.0.25.mut_rate.0.0_sample_2"	"profile.n.300.size.7.5.k.100.sigma.1.0.up.0.25.mut_rate.0.0_sample_3"	"profile.n.300.size.7.5.k.100.sigma.1.0.up.0.25.mut_rate.0.0_sample_4"	"profile.n.300.size.7.5.k.100.sigma.1.0.up.0.5.mut_rate.0.0_sample_0"	"profile.n.300.size.7.5.k.100.sigma.1.0.up.0.5.mut_rate.0.0_sample_1"	"profile.n.300.size.7.5.k.100.sigma.1.0.up.0.5.mut_rate.0.0_sample_2"	"profile.n.300.size.7.5.k.100.sigma.1.0.up.0.5.mut_rate.0.0_sample_3"	"profile.n.300.size.7.5.k.100.sigma.1.0.up.0.5.mut_rate.0.0_sample_4"	"profile.n.300.size.7.5.k.100.sigma.1.0.up.0.75.mut_rate.0.0_sample_0"	"profile.n.300.size.7.5.k.100.sigma.1.0.up.0.75.mut_rate.0.0_sample_1"	"profile.n.300.size.7.5.k.100.sigma.1.0.up.0.75.mut_rate.0.0_sample_2"	"profile.n.300.size.7.5.k.100.sigma.1.0.up.0.75.mut_rate.0.0_sample_3"	"profile.n.300.size.7.5.k.100.sigma.1.0.up.0.75.mut_rate.0.0_sample_4"	"profile.n.300.size.7.5.k.100.sigma.1.0.up.0.75.mut_rate.0.01_sample_0"	"profile.n.300.size.7.5.k.100.sigma.1.0.up.0.75.mut_rate.0.01_sample_1"	"profile.n.300.size.7.5.k.100.sigma.1.0.up.0.75.mut_rate.0.01_sample_2"	"profile.n.300.size.7.5.k.100.sigma.1.0.up.0.75.mut_rate.0.01_sample_3"	"profile.n.300.size.7.5.k.100.sigma.1.0.up.0.75.mut_rate.0.01_sample_4"	"profile.n.300.size.7.5.k.100.sigma.1.0.up.0.75.mut_rate.0.02_sample_0"	"profile.n.300.size.7.5.k.100.sigma.1.0.up.0.75.mut_rate.0.02_sample_1"	"profile.n.300.size.7.5.k.100.sigma.1.0.up.0.75.mut_rate.0.02_sample_2"	"profile.n.300.size.7.5.k.100.sigma.1.0.up.0.75.mut_rate.0.02_sample_3"	"profile.n.300.size.7.5.k.100.sigma.1.0.up.0.75.mut_rate.0.02_sample_4"	"profile.n.300.size.7.5.k.100.sigma.1.0.up.0.75.mut_rate.0.05_sample_0"	"profile.n.300.size.7.5.k.100.sigma.1.0.up.0.75.mut_rate.0.05_sample_1"	"profile.n.300.size.7.5.k.100.sigma.1.0.up.0.75.mut_rate.0.05_sample_2"	"profile.n.300.size.7.5.k.100.sigma.1.0.up.0.75.mut_rate.0.05_sample_3"	"profile.n.300.size.7.5.k.100.sigma.1.0.up.0.75.mut_rate.0.05_sample_4"	"profile.n.300.size.7.5.k.100.sigma.1.0.up.1.0.mut_rate.0.0_sample_0"	"profile.n.300.size.7.5.k.100.sigma.1.0.up.1.0.mut_rate.0.0_sample_1"	"profile.n.300.size.7.5.k.100.sigma.1.0.up.1.0.mut_rate.0.0_sample_2"	"profile.n.300.size.7.5.k.100.sigma.1.0.up.1.0.mut_rate.0.0_sample_3"	"profile.n.300.size.7.5.k.100.sigma.1.0.up.1.0.mut_rate.0.0_sample_4"	"profile.n.300.size.7.5.k.100.sigma.2.0.up.0.75.mut_rate.0.0_sample_0"	"profile.n.300.size.7.5.k.100.sigma.2.0.up.0.75.mut_rate.0.0_sample_1"	"profile.n.300.size.7.5.k.100.sigma.2.0.up.0.75.mut_rate.0.0_sample_2"	"profile.n.300.size.7.5.k.100.sigma.2.0.up.0.75.mut_rate.0.0_sample_3"	"profile.n.300.size.7.5.k.100.sigma.2.0.up.0.75.mut_rate.0.0_sample_4"	"profile.n.300.size.7.5.k.100.sigma.4.0.up.0.75.mut_rate.0.0_sample_0"	"profile.n.300.size.7.5.k.100.sigma.4.0.up.0.75.mut_rate.0.0_sample_1"	"profile.n.300.size.7.5.k.100.sigma.4.0.up.0.75.mut_rate.0.0_sample_2"	"profile.n.300.size.7.5.k.100.sigma.4.0.up.0.75.mut_rate.0.0_sample_3"	"profile.n.300.size.7.5.k.100.sigma.4.0.up.0.75.mut_rate.0.0_sample_4"	"profile.n.300.size.7.5.k.250.sigma.1.0.up.0.75.mut_rate.0.0_sample_0"	"profile.n.300.size.7.5.k.250.sigma.1.0.up.0.75.mut_rate.0.0_sample_1"	"profile.n.300.size.7.5.k.250.sigma.1.0.up.0.75.mut_rate.0.0_sample_2"	"profile.n.300.size.7.5.k.250.sigma.1.0.up.0.75.mut_rate.0.0_sample_3"	"profile.n.300.size.7.5.k.250.sigma.1.0.up.0.75.mut_rate.0.0_sample_4"	"profile.n.300.size.7.5.k.40.sigma.1.0.up.0.75.mut_rate.0.0_sample_0"	"profile.n.300.size.7.5.k.40.sigma.1.0.up.0.75.mut_rate.0.0_sample_1"	"profile.n.300.size.7.5.k.40.sigma.1.0.up.0.75.mut_rate.0.0_sample_2"	"profile.n.300.size.7.5.k.40.sigma.1.0.up.0.75.mut_rate.0.0_sample_3"	"profile.n.300.size.7.5.k.40.sigma.1.0.up.0.75.mut_rate.0.0_sample_4"	"profile.n.600.size.7.5.k.100.sigma.1.0.up.0.75.mut_rate.0.0_sample_0"	"profile.n.600.size.7.5.k.100.sigma.1.0.up.0.75.mut_rate.0.0_sample_1"	"profile.n.600.size.7.5.k.100.sigma.1.0.up.0.75.mut_rate.0.0_sample_2"	"profile.n.600.size.7.5.k.100.sigma.1.0.up.0.75.mut_rate.0.0_sample_3"	"profile.n.600.size.7.5.k.100.sigma.1.0.up.0.75.mut_rate.0.0_sample_4"	"profile.n.75.size.7.5.k.100.sigma.1.0.up.0.75.mut_rate.0.0_sample_0"	"profile.n.75.size.7.5.k.100.sigma.1.0.up.0.75.mut_rate.0.0_sample_1"	"profile.n.75.size.7.5.k.100.sigma.1.0.up.0.75.mut_rate.0.0_sample_2"	"profile.n.75.size.7.5.k.100.sigma.1.0.up.0.75.mut_rate.0.0_sample_3"	"profile.n.75.size.7.5.k.100.sigma.1.0.up.0.75.mut_rate.0.0_sample_4"
"210"	"946333"	0.4183	0.1414	0.1517	0.5119	0.3787	0.317	0.2805	0.4368	0.3659	0.2605	0.3696	0.3543	0.3769	0.309	0.3956	0.3293	0.4378	0.3771	0.2898	0.337	0.2705	0.2835	0.3314	0.5128	0.2758	0.418	0.4091	0.4263	0.3392	0.3631	0.8846	0.7793	0.8675	0.8062	0.9357	0.5524	0.7756	0.5391	0.7163	0.8445	0.6855	0.5965	0.4898	0.7177	0.6317	0.3418	0.4648	0.5073	0.332	0.3541	0.2923	0.2873	0.4186	0.3704	0.3473	0.3358	0.295	0.2941	0.316	0.3889	0.3352	0.2704	0.2596	0.3684	0.3104	0	0	0	0	0	0.0336	0.238	0.2193	0.1693	0.0891	8e-04	0.0071	0.0052	0.0513	5e-04	0.2785	0.3216	0.364	0.2039	0.2701	0.4058	0.3052	0.3047	0.385	0.3119	0.3057	0.3147	0.413	0.2707	0.2851	0	0	0	0	0
"211"	"685828"	0.6913	0.3546	0.9164	0.6293	0.8065	0.9443	0.7225	0.6184	0.5304	1.4049	0.5829	0.4863	0.682	0.5522	0.5932	0.5153	0.4877	0.5166	0.9207	0.8381	0.4086	0.6507	0.4794	0.5671	0.5957	0.6037	0.4859	0.4188	0.4126	0.4439	1.142	1.4706	0.8903	1.3639	1.1929	1.141	1.1202	0.8189	0.9647	0.9161	0.6958	0.9835	0.8832	0.7183	0.7524	0.6393	0.4736	0.5482	0.6233	0.6079	0.6393	0.7267	0.5244	0.4296	0.6079	0.6393	0.6959	0.6766	0.6233	0.6369	0.6214	0.5482	0.6503	0.6079	0.5225	0	0	0	0	0	0.0781	0.3365	0.5238	0.229	0.3837	0.0162	0.0797	0.0657	0.0259	0.0584	0.6436	0.8164	0.7179	0.4315	0.6386	0.5962	0.4795	0.4769	0.5266	0.7626	0.4234	0.5136	0.3917	0.4123	0.4086	0	0.2711	0.2888	0.8558	0.7775
"212"	"287"	0.4928	0.3496	0.5112	1.027	0.6466	0.4409	0.5692	0.5352	0.4074	0.6407	0.5132	0.3659	0.3538	0.4605	0.5035	0.4825	0.6293	0.4239	0.4265	0.6382	0.7138	0.293	0.6309	0.3767	0.3415	0.4532	0.3956	0.5164	0.512	0.3914	0.9799	1.3246	0.9013	0.9724	1.2719	0.723	0.8687	0.6211	0.8874	0.9217	0.5167	0.5436	0.8722	0.5464	0.7688	0.5135	0.7712	0.5965	0.3307	0.4013	0.615	0.6214	0.3839	0.5465	0.4692	0.3587	0.566	0.46	0.4292	0.3764	0.5112	0.5438	0.5401	0.4784	0.4378	0	0	0	0	0	0.0439	0.2823	0.2827	0.2237	0.2414	0.0024	0.0127	0.0211	0.0102	0.0129	0.3812	0.4182	0.3645	0.2766	0.4014	0.4051	0.3968	0.3606	0.4457	0.3331	0.3947	0.3877	0.3391	0.3459	0.491	0.9281	0	0	0.7614	0.6091
"213"	"75612"	2.6255	0.6074	0.7574	1.2729	1.4359	3.3058	0.8388	0.6453	1.3542	0.6208	0.9571	1.2376	1.2713	0.9416	1.055	1.2221	0.7254	0.5994	0.9384	1.1119	0.8019	0.8574	0.9442	1.1924	0.7422	0.5945	0.6272	0.4751	0.6029	0.4983	1.79	1.691	7.9575	2.1042	4.2733	1.3261	1.8166	1.1881	2.0305	1.1508	1.1183	1.6453	1.3077	1.2875	0.8559	0.868	1.0139	1.0557	1.0545	0.696	0.8756	0.7712	1.2368	0.6503	0.9091	0.868	0.9808	1.0557	0.9359	1.5029	0.7712	0.6766	0.9359	0.752	0.9361	0	0	0	0	0	0.2736	0.397	0.8839	0.3834	1.4659	0.04	0.4586	6.6746	5.0426	0.1032	0.9596	1.0551	1.4194	0.6886	0.7385	0.6828	0.624	0.7407	0.9431	0.8822	0.7137	0.5415	0.8177	0.4615	0.8108	0.9529	1.914	0.839	1.3337	1.7839
"214"	"758825"	0.2701	0.152	0.4852	0.4876	0.2382	0.309	0.3625	0.3696	0.3658	0.2525	0.4196	0.3232	0.3474	0.2596	0.3323	0.2857	0.3007	0.376	0.3083	0.2457	0.4075	0.2654	0.3184	0.449	0.3281	0.4153	0.3749	0.3941	0.3712	0.3455	0.7822	0.7285	0.8176	0.7621	0.7818	0.5431	0.7193	1.1601	0.6747	0.7442	0.6049	0.5701	0.459	0.6805	0.4732	0.3358	0.2749	0.2365	0.2885	0.2954	0.5135	0.2851	0.3978	0.2585	0.3118	0.3162	0.3427	0.3321	0.2955	0.2675	0.3036	0.2598	0.2511	0.3473	0.319	0	0	0	0	0	0.0325	0.2049	0.2058	0.1324	0.2299	7e-04	0.0089	0.0029	0.0265	0.0035	0.2682	0.2768	0.351	0.195	0.2426	0.3914	0.4055	0.4513	0.2908	0.2926	0.2517	0.3328	0.2251	0.2769	0.2959	0	0	0	0	0
"215"	"85698"	0.16	0	0.0714	0.1112	0	0.2144	0.2336	0.2103	0.1528	0.1723	0.231	0.202	0.1893	0.2798	0.1735	0.2098	0.2426	0.2967	0.221	0.1848	0.253	0.1615	0.1426	0.1708	0.1451	0.2818	0.3164	0.2383	0.2989	0.2926	0.5731	0.7151	0.6829	0.583	0.48	0.4885	0.5625	0.6077	0.4872	0.6193	0.3798	0.3306	0.4107	0.3409	0.4536	0.2923	0.1778	0.2829	0.1936	0.2212	0.207	0.1961	0.2469	0.2385	0.1948	0.2361	0.1961	0.2228	0.1622	0.1705	0.2479	0.1961	0.2585	0.2375	0.239	0	0	0	0	0	0.0066	0.1021	0.093	0.0341	0.0274	2e-04	0.0019	0.0013	0.0036	1e-04	0.1709	0.1874	0.1662	0.1356	0.2003	0.256	0.171	0.1817	0.2088	0.188	0.167	0.1886	0.2095	0.1981	0.229	0	0	0	0	0
"216"	"192"	0.2423	0.1049	0.1122	0.4738	0.2207	0.2906	0.3144	0.3561	0.361	0.2439	0.2512	0.2894	0.3014	0.479	0.2979	0.3612	0.2731	0.3736	0.2462	0.2271	0.3421	0.2763	0.2519	0.191	0.2547	0.3358	0.3545	0.3028	0.3661	0.3733	0.7185	0.7175	0.7632	0.6942	0.6934	0.5663	0.6522	0.5104	0.6592	0.7233	0.5116	0.3893	0.5637	0.6653	0.4573	0.2973	0.2479	0.46	0.2851	0.2856	0.3587	0.3427	0.2598	0.2383	0.2671	0.29	0.3238	0.2875	0.2721	0.2668	0.2873	0.2365	0.3525	0.2856	0.3099	0	0	0	0	0	0.0311	0.0878	0.1303	0.1224	0.0771	5e-04	0.0041	0.0011	0.014	0.0017	0.2362	0.286	0.3051	0.184	0.2977	0.3231	0.2907	0.4319	0.3134	0.2728	0.2474	0.2283	0.3578	0.2646	0.2801	0	0	0	0	0
"217"	"2010972"	1.5173	0.6743	0.9896	0.7651	1.1609	0.4189	0.5343	0.6004	0.6037	1.4581	0.8705	0.8863	0.8279	0.6622	0.6442	0.629	0.5575	0.5189	0.6703	0.7199	0.8259	0.4651	0.7217	0.9165	0.5721	0.4621	0.5571	0.7877	0.5171	0.4439	1.4869	1.5804	0.9953	1.4558	1.294	1.3491	1.6973	1.0416	0.8984	0.95	0.8097	1.3289	1.0548	1.4738	0.8191	0.7868	0.566	0.6766	0.7314	0.6369	0.7237	0.5852	0.6142	0.9359	0.6369	0.7237	0.7267	0.6404	0.6503	0.6765	0.6959	1.0557	0.5465	0.6369	0.6684	0	0	0	0	0	0.2641	0.4858	0.9479	0.2785	0.7743	0.0103	0.7407	0.1863	0.0502	0.0374	0.8147	0.9737	0.565	0.5084	0.5712	0.6709	0.4977	0.4979	0.5303	0.9139	0.5086	0.4592	0.5576	0.4507	0.4477	0.4488	1.7691	1.2963	1.0304	0.9108
"218"	"391953"	0.2108	0.1117	0.241	0.4701	0.2027	0.2945	0.2648	0.3036	0.2414	0.3538	0.2242	0.2808	0.295	0.1813	0.2794	0.3412	0.3774	0.3578	0.287	0.3119	0.2567	0.2292	0.2236	0.4116	0.2261	0.3766	0.3696	0.2808	0.3035	0.3404	0.7058	0.8376	0.8175	0.6881	0.6084	0.5522	0.7303	1.0601	0.6278	0.7237	0.4205	0.3837	0.5037	0.3965	0.436	0.2912	0.3352	0.4186	0.2721	0.2675	0.2673	0.2429	0.2365	0.23	0.2954	0.2761	0.2953	0.2857	0.2851	0.2616	0.2851	0.3978	0.2351	0.2671	0.2945	0	0	0	0	0	0.028	0.1803	0.1537	0.1389	0.0708	6e-04	0.0047	7e-04	0.0136	9e-04	0.2315	0.2452	0.2917	0.1791	0.2385	0.3118	0.2808	0.2579	0.2916	0.2648	0.2463	0.3204	0.3493	0.2671	0.2731	0	0	0	0	0
"219"	"536980"	0.9869	1.6448	1.235	1.3959	1.6083	0.5521	0.9715	0.8993	1.398	0.9406	1.4443	1.4775	1.0396	0.9222	0.9747	0.7827	1.2594	0.7627	1.4913	1.0767	0.9033	0.6596	0.9552	0.7537	1.5211	0.6725	0.5857	0.5798	0.7629	0.6825	1.9899	1.6309	1.2078	1.7264	1.5018	1.4441	3.22	1.8196	1.2004	1.441	2.641	1.983	2.0054	1.4814	0.9236	0.8756	1.9284	0.9432	2.9642	1.0858	0.9323	1.0139	0.9432	0.6807	1.0858	1.0204	0.9582	1.2368	0.7725	0.696	0.9808	0.9432	2.9642	0.9091	1.1285	0	0	0	0	0	0.62	1.284	2.391	0.7401	10.4049	0.0403	1.3501	0.1544	1.1133	1.3341	1.3488	1.0829	0.9965	3.1924	1.1151	0.7882	1.4191	0.8841	3.2413	0.9922	0.7032	0.6627	0.6951	1.0436	0.5062	0.9656	0.9667	1.2513	1.259	1.9434
"220"	"65048"	0.3406	0.1857	0.4859	0.3094	0.2497	0.3033	0.4305	0.3936	0.2658	0.4098	0.3561	0.3045	0.2834	0.2907	0.3405	0.3109	0.3974	0.3722	0.366	0.2665	0.4163	0.2817	0.4558	0.2346	0.3576	0.3698	0.3844	0.4109	0.4068	0.3611	0.8802	0.7588	0.8503	0.9278	0.8236	0.6135	0.775	0.519	0.6829	0.7282	0.6601	0.4124	0.6341	0.4403	0.5002	0.3207	0.2867	0.2598	0.2955	0.3473	0.29	0.4736	0.2857	0.2721	0.3541	0.3298	0.2873	0.3978	0.2885	0.3684	0.3234	0.46	0.3991	0.2954	0.3258	0	0	0	0	0	0.0339	0.1009	0.1749	0.1445	0.0803	8e-04	0.009	0.0035	0.0327	4e-04	0.2552	0.2904	0.3583	0.1978	0.2675	0.3508	0.4381	0.2764	0.3082	0.287	0.2713	0.3082	0.3817	0.2868	0.3144	0.1262	0	0	0	0
"221"	"268404"	1.8018	4.8118	3.148	2.4427	3.5604	1.1518	1.6023	2.096	2.4311	1.2713	2.096	1.398	1.4049	1.8412	1.4874	1.8612	1.2938	3.1836	1.281	1.5624	1.6806	6.7019	2.0965	1.1034	1.4047	0.6991	0.91	0.7267	0.7028	0.8772	4.0267	2.0435	2.874	2.5078	2.094	2.8541	2.1575	1.8686	1.216	1.4552	1.9327	1.9249	2.6271	1.8	1.8969	0.9323	1.2123	2.0984	1.5431	1.5029	1.183	1.3741	1.3719	1.5431	1.9244	1.2564	1.2123	1.3719	2.9642	1.0858	1.3741	1.3719	1.5431	1.0858	1.3216	0	0	0	0	0	0.621	10.3791	2.8578	2.3462	1.831	0.2019	1.4719	0.5078	2.1773	3.2276	1.4228	1.4057	1.8507	1.1985	2.4706	0.7898	0.898	1.8517	1.154	1.3263	1.082	0.9333	1.7153	0.5636	0.5893	2.5319	3.6667	2.2935	3.1567	2.8742
"222"	"37330"	0.1216	0.0962	0.2306	0.3223	0.2194	0.2692	0.2953	0.2512	0.3191	0.2128	0.2107	0.2658	0.2808	0.4694	0.2469	0.3373	0.2595	0.3712	0.2402	0.3034	0.3396	0.2083	0.2226	0.1838	0.3179	0.3395	0.3644	0.2729	0.3653	0.3352	0.8755	0.7104	0.7073	0.6461	0.5768	0.5126	0.6041	1.0278	0.6164	0.6673	0.4918	0.4987	0.482	0.3645	0.5508	0.2896	0.229	0.3978	0.2596	0.2671	0.3439	0.3264	0.3321	0.2079	0.2675	0.3418	0.2851	0.2829	0.2596	0.2485	0.2953	0.3321	0.3307	0.2675	0.3004	0	0	0	0	0	0.0278	0.0771	0.1379	0.1167	0.1823	5e-04	0.0045	5e-04	0.0051	8e-04	0.2226	0.2212	0.2882	0.4764	0.2694	0.3516	0.2544	0.2568	0.2893	0.2735	0.2097	0.2223	0.3421	0.2597	0.261	0	0	0	0	0
"223"	"1679497"	0.4678	0.3321	0.3747	0.3249	0.4121	0.4128	0.3143	0.5132	0.3628	0.3126	0.5352	0.3833	0.3458	0.4062	0.4718	0.3523	0.3236	0.4204	0.3837	0.5259	0.5279	0.2791	0.367	0.2958	0.4681	0.4313	0.4457	0.361	0.3691	0.3755	0.981	1.018	0.8816	1.0048	0.9464	0.8587	0.8158	0.6011	0.8412	0.8104	0.4631	0.5309	0.8208	0.7634	0.7485	0.4876	0.6559	0.3839	0.461	0.408	0.3549	0.3234	0.5965	0.461	0.4013	0.5246	0.3352	0.4186	0.3525	0.4692	0.4736	0.39	0.4296	0.3889	0.3499	0	0	0	0	0	0.0552	0.2588	0.2691	0.1953	0.2393	0.0023	0.0091	0.0216	0.0078	0.0014	0.3008	0.3744	0.362	0.2332	0.3693	0.3635	0.3765	0.3496	0.4329	0.3004	0.3843	0.3754	0.3217	0.299	0.2899	0.8465	0.512	0	0	0
"224"	"630921"	0.5565	0.2962	0.5075	0.3845	0.6123	0.4548	0.3485	0.5361	0.3833	0.3474	0.5361	0.4074	0.3866	0.518	0.5082	0.3624	0.6673	0.4484	0.5426	0.3588	0.3369	0.3045	0.4183	0.4402	0.4547	0.4701	0.4598	0.536	0.5269	0.3984	1.0464	1.3825	0.8565	1.0665	1.0283	0.8693	0.9082	1.4216	0.7941	0.9805	0.5673	0.8078	0.8918	0.5882	0.5783	0.5696	0.2953	0.6404	0.5465	0.4784	0.6649	0.3352	0.6404	0.3307	0.408	0.5135	0.4316	0.5073	0.3991	0.408	0.4648	0.4112	0.3704	0.4013	0.4551	0	0	0	0	0	0.0697	0.1617	0.2862	0.2089	0.2888	0.0036	0.0447	0.0296	0.4935	0.0284	0.4264	0.4014	0.4918	0.7505	0.3801	0.4378	0.4154	0.6943	0.4552	0.3734	0.3881	0.4187	0.3425	0.3361	0.5029	1.0262	0	0.3537	0	0.7151
"225"	"1076"	2.1952	3.693	3.1517	2.21	1.9212	1.5447	1.9376	1.7603	1.5255	1.959	1.7603	2.4311	1.4581	1.288	2.4273	2.259	1.5773	1.9811	1.8546	2.1154	2.7136	1.5829	1.8444	3.2258	1.9944	0.8284	0.6997	1.5441	1.0342	0.9805	4.9172	2.7312	3.6084	2.7911	2.7374	4.4554	2.4618	2.8155	4.606	2.0782	2.1172	2.5265	2.6309	1.8111	2.028	1.2564	1.3741	1.3719	1.843	1.9244	1.2564	1.9284	2.0984	1.843	2.8321	1.183	1.3741	2.0984	1.843	2.8321	1.9284	2.0984	1.843	2.8321	2.01	0	0	0	0	0	19.8361	2.9055	3.2362	9.4712	2.0371	24.4273	11.6177	15.0936	8.1588	19.3381	3.0605	2.4498	2.81	1.406	3.5833	0.9246	2.7796	1.2189	1.3743	3.3094	1.5226	1.5409	0.8354	1.8713	1.1788	2.8058	4.8054	5.6477	7.0807	4.0556
"226"	"2840469"	0.0695	0	0	0	0	0.2003	0.1952	0.1106	0.202	0.2178	0.148	0.1528	0.1512	0.1592	0.1578	0.1815	0.1747	0.1328	0.1301	0.1319	0.1989	0.1061	0.2598	0.1254	0.127	0.2647	0.2258	0.2226	0.2293	0.2609	0.5725	0.5305	0.5937	0.5437	0.709	0.4396	0.4168	0.5397	0.4405	0.522	0.3403	0.3123	0.2878	0.2976	0.3764	0.2638	0.261	0.1218	0.1622	0.1705	0.1577	0.2005	0.1416	0.1622	0.1658	0.2026	0.1707	0.1528	0.0935	0.1236	0.2177	0.1714	0.1029	0.1948	0.1544	0	0	0	0	0	0.0072	0.0725	0.0534	0.0176	0.0387	2e-04	4e-04	0	0.0025	1e-04	0.1253	0.1734	0.0977	0.1822	0.0934	0.2214	0.1332	0.165	0.1832	0.1561	0.1467	0.1455	0.1871	0.1682	0.1941	0	0	0	0	0
"227"	"1767"	0.3006	0.0923	0.0584	0.2061	0.1561	0.2774	0.284	0.2242	0.3045	0.3458	0.2065	0.2414	0.256	0.159	0.2378	0.258	0.2238	0.3012	0.2221	0.2567	0.2343	0.2513	0.2023	0.3084	0.2062	0.3257	0.3517	0.2635	0.2957	0.307	0.636	0.8188	0.6478	0.6446	0.5432	0.5012	0.5636	0.7073	0.6018	0.6444	0.4598	0.373	0.418	0.607	0.4123	0.3162	0.2005	0.1867	0.2585	0.2625	0.2398	0.2225	0.1904	0.332	0.2625	0.3207	0.261	0.2469	0.2385	0.3118	0.2946	0.2875	0.1941	0.2592	0.2941	0	0	0	0	0	0.0166	0.1632	0.0989	0.0889	0.0569	2e-04	0.0035	5e-04	0.0087	5e-04	0.2154	0.2139	0.2325	0.1629	0.2608	0.3461	0.2392	0.3734	0.242	0.2707	0.2061	0.2113	0.3139	0.2549	0.2435	0	0	0	0	0
"228"	"398053"	0.4542	0.2285	0.2673	0.8772	0.3693	0.3829	0.3032	0.4547	0.3543	0.4799	0.4967	0.3658	0.4011	0.3953	0.4422	0.3504	0.3221	0.4267	0.4095	0.328	0.4351	0.4583	0.5008	0.2898	0.3256	0.4199	0.3826	0.3433	0.3587	0.406	0.9396	0.873	0.8205	0.9611	1.2073	0.6014	0.9765	0.5848	0.7428	0.7809	0.8251	0.5095	0.6043	0.5175	0.703	0.4688	0.5852	0.2941	0.4292	0.3764	0.3358	0.3036	0.5438	0.4292	0.3764	0.3439	0.3234	0.4694	0.3814	0.3566	0.3427	0.3839	0.332	0.408	0.3409	0	0	0	0	0	0.0429	0.1596	0.2581	0.1979	0.2378	0.0021	0.0285	0.0195	0.0062	0.0047	0.281	0.344	0.3467	0.676	0.3645	0.5987	0.4752	0.554	0.4472	0.3934	0.3093	0.3353	0.2958	0.2912	0.4516	0	0.1517	0	0.5529	0
"229"	"190148"	0.2189	0.0454	0.1071	0.12	0	0.2418	0.2611	0.1695	0.1662	0.2808	0.2716	0.2514	0.2178	0.2978	0.2011	0.216	0.2917	0.2505	0.2337	0.1726	0.2726	0.2191	0.383	0.1741	0.1649	0.2987	0.3154	0.3068	0.2699	0.3406	0.5908	0.6155	0.5715	0.6071	0.4917	0.4832	0.6375	0.4143	0.6112	0.6558	0.4147	0.3878	0.381	0.3431	0.4938	0.2154	0.295	0.2993	0.2351	0.2375	0.2973	0.2749	0.2829	0.2596	0.2375	0.2398	0.2749	0.1888	0.1897	0.1948	0.2031	0.1904	0.1622	0.2301	0.2489	0	0	0	0	0	0.0078	0.1463	0.0541	0.0417	0.0773	1e-04	0.0016	0.0028	0.0035	3e-04	0.1818	0.2036	0.1972	0.2567	0.1715	0.2666	0.3488	0.2217	0.2208	0.2121	0.1706	0.2305	0.2279	0.2595	0.2323	0	0	0	0	0
"230"	"263910"	0.8525	0.5507	0.6144	0.4983	0.8065	0.3983	0.4168	0.5556	0.4376	0.3769	0.6184	0.578	0.4799	0.7118	0.5434	0.4986	0.4274	0.4561	0.5843	0.4445	0.4001	0.3576	0.474	0.444	0.5398	0.4204	0.4467	0.5581	0.5726	0.4177	1.6606	1.0376	0.8784	1.1897	1.5226	0.861	1.1592	0.7116	0.9334	1.2105	0.6473	0.883	0.8051	1.1048	0.702	0.5863	0.3264	0.4694	0.4296	0.4884	0.5246	0.4648	0.4694	0.7314	0.4884	0.6649	0.6214	0.6142	0.5465	0.4884	0.5852	0.6404	0.4292	0.4874	0.4747	0	0	0	0	0	0.081	0.2432	0.6329	0.3764	0.3444	0.0073	0.0434	0.0404	0.0154	0.0405	0.3863	0.4865	0.6309	0.348	0.4908	0.6177	0.4609	0.4548	0.5294	0.4134	0.4582	0.384	0.3679	0.4116	0.5029	2.4307	0.6963	1.0537	0.6336	0.9196
"231"	"1904807"	0.2505	0.0632	0.178	0.1901	0.0612	0.2472	0.2725	0.2716	0.1758	0.3012	0.3399	0.2607	0.2457	0.3679	0.2089	0.2809	0.3024	0.2679	0.1635	0.2317	0.2895	0.2463	0.1681	0.2529	0.1821	0.3039	0.3377	0.3388	0.2848	0.362	0.6316	0.6692	0.7159	0.6125	0.8258	0.5	0.4857	0.6572	0.532	0.5903	0.4217	0.3462	0.4315	0.5197	0.3826	0.2373	0.1915	0.1682	0.23	0.2485	0.3207	0.2946	0.1714	0.2851	0.2485	0.2896	0.2031	0.2704	0.2088	0.2212	0.2867	0.2661	0.1897	0.2616	0.2693	0	0	0	0	0	0.0101	0.0709	0.0758	0.0623	0.0405	2e-04	0.0022	0.0035	0.0036	4e-04	0.2118	0.2201	0.2148	0.1599	0.1879	0.2756	0.3786	0.2708	0.2451	0.2367	0.2066	0.3131	0.2588	0.2086	0.241	0	0	0	0	0
"232"	"1355477"	0.7831	0.489	0.5814	0.4858	0.6657	0.359	0.3841	0.5461	0.4828	0.8279	0.5556	0.4828	0.4098	0.5917	0.5141	0.4158	0.3911	0.4357	0.512	0.7152	0.7593	0.4725	0.4613	0.6778	0.5053	0.5512	0.4232	0.3973	0.3757	0.4176	1.1696	0.8775	0.9811	1.0074	1.3851	1.0722	0.9758	0.6405	0.9107	1.0942	0.9264	0.6423	0.6722	0.6439	0.8193	0.615	0.9808	0.39	0.3525	0.4692	0.4688	0.4316	0.39	0.6233	0.4784	0.5696	0.4648	0.5244	0.461	0.4874	0.5087	0.4694	0.604	0.4884	0.458	0	0	0	0	0	0.0556	0.172	0.297	0.2381	0.2718	0.0038	0.0135	0.0222	0.679	0.0024	0.6035	0.4917	0.3856	0.8976	0.4134	0.5429	0.4848	0.7105	0.4608	0.4416	0.3985	0.4614	0.3502	0.3871	0.3273	0	0.129	0.5263	0.3678	0.832
"233"	"28068"	0.392	0.1513	0.1917	0.312	0.4126	0.3496	0.2875	0.4029	0.2808	0.2833	0.3936	0.3628	0.3847	0.5274	0.3354	0.3806	0.3034	0.3847	0.3449	0.2996	0.2812	0.3015	0.4655	0.2586	0.2872	0.381	0.3668	0.3397	0.3429	0.3922	0.9156	0.8607	0.8069	0.8419	0.9571	0.7392	0.8367	0.541	0.7062	0.873	0.457	0.4213	0.5183	0.4706	0.5339	0.3439	0.2946	0.2704	0.3704	0.3684	0.3162	0.5112	0.46	0.2885	0.3566	0.3549	0.4736	0.3839	0.3307	0.4013	0.3238	0.2857	0.2851	0.3541	0.3185	0	0	0	0	0	0.0359	0.1086	0.248	0.1699	0.106	0.0012	0.0092	0.0052	0.1119	6e-04	0.289	0.2923	0.4167	0.5819	0.2824	0.5506	0.3242	0.4795	0.3443	0.3357	0.2892	0.3205	0.444	0.2781	0.3273	0	0	0.1646	0	0
"234"	"36873"	0.0935	0.0799	0	0.2932	0.131	0.2641	0.2288	0.2107	0.2894	0.3273	0.1695	0.2067	0.2605	0.3936	0.2521	0.2409	0.3181	0.2886	0.2124	0.2028	0.3194	0.2012	0.1852	0.2832	0.2013	0.3042	0.3431	0.2628	0.2931	0.3644	0.7591	0.7791	0.6009	0.785	0.8338	0.4952	0.5445	0.5021	0.5845	0.618	0.4487	0.4311	0.4025	0.5332	0.5472	0.267	0.3234	0.3321	0.2471	0.2616	0.3418	0.2031	0.1867	0.2955	0.2616	0.2973	0.2429	0.2315	0.2585	0.2856	0.2429	0.2228	0.316	0.2401	0.2823	0	0	0	0	0	0.0121	0.1564	0.0929	0.1291	0.0867	2e-04	0.0024	0.0063	0.0074	5e-04	0.2125	0.2409	0.2723	0.4156	0.1978	0.3198	0.2155	0.3256	0.2869	0.2183	0.1992	0.1976	0.2935	0.223	0.2553	0	0	0	0	0
"235"	"56"	0.9873	0.5015	0.7104	1.0324	0.8938	1.1488	0.4942	0.8705	0.578	0.3847	0.6004	0.5304	0.6407	0.5963	0.5957	0.597	0.7053	0.514	0.5777	0.6754	0.4319	0.4154	0.5735	0.731	0.5211	0.6316	0.5014	0.4384	0.4315	0.4392	1.3116	1.5315	0.971	1.3312	1.2218	1.2437	1.2037	0.8837	1.0543	1.3786	0.7458	1.0617	1.0415	1.3069	0.9388	0.686	0.5112	0.6142	0.604	0.5546	0.686	0.5451	0.5482	0.5401	0.5546	0.686	0.5852	0.5965	0.604	0.5479	0.6559	0.7931	0.6807	0.5546	0.6563	0	0	0	0	0	0.1034	0.327	0.6491	1.1121	0.4076	0.0246	0.1343	0.0914	0.0294	0.0167	0.6423	0.9139	0.4764	0.4769	0.7285	0.6024	0.4901	0.4857	0.6827	0.5419	0.5484	0.3891	0.5023	0.436	0.543	0.1983	0.5483	0.3662	1.0368	1.6093
"237"	"34029"	0.4686	0.3481	0.6484	0.4901	0.7618	0.5348	0.6217	0.5829	0.4909	0.8703	0.5913	0.4909	0.4616	0.6101	0.538	0.4387	0.399	0.5076	0.5775	0.3815	0.3755	0.5524	0.4624	0.7201	0.5149	0.5985	0.4886	0.412	0.5496	0.4236	1.3435	0.9887	1.0518	1.2347	1.429	0.8534	0.9781	0.7067	0.8692	0.8645	1.189	0.6834	0.7457	0.6767	0.6061	0.5246	0.3238	0.4112	0.3991	0.4874	0.4876	0.6959	0.4112	0.3525	0.4874	0.615	0.5087	0.5482	0.4296	0.4784	0.5451	0.5965	0.3814	0.4692	0.4842	0	0	0	0	0	0.0739	0.2259	0.4681	0.3396	0.3017	0.0098	0.0281	0.0397	0.0132	0.0045	0.3724	0.6538	0.4523	0.3477	0.5424	0.578	0.4327	0.4441	0.5087	0.461	0.4181	0.353	0.3556	0.3732	0.3654	1.4929	0.5511	0.7135	0.4718	0.5912
"238"	"88688"	1.6616	1.2407	1.1289	0.9557	0.9378	0.4414	0.8976	0.9571	0.8863	0.4011	0.6453	0.6037	0.9406	0.7375	0.6726	0.7145	0.6472	0.5221	0.8159	0.9639	0.5015	0.544	0.653	0.6522	0.6763	0.4753	0.5176	0.4484	0.6247	0.5017	1.7116	1.4732	1.7674	1.4901	1.4141	1.2739	1.2742	1.9961	0.9206	1.0161	0.8974	0.996	0.9285	0.7683	1.0087	0.7237	0.6214	0.7931	0.6503	0.6765	0.7868	0.6559	1.0557	0.604	0.696	0.7868	0.6559	0.7274	0.6807	0.6079	0.7267	0.6142	0.6233	0.6765	0.8136	0	0	0	0	0	0.1307	0.3528	0.8118	1.9329	0.4336	0.0158	0.0628	0.047	0.0821	0.0411	0.9189	0.8437	0.92	0.5838	0.6345	0.6287	0.6326	0.5412	0.6344	0.8201	0.6858	0.4734	0.4385	0.5381	0.4693	0.6381	0.6485	0.6328	1.1876	1.0371
"239"	"34103"	0.3527	0.0991	0.0842	0.3099	0.1416	0.2597	0.2521	0.3399	0.2067	0.1893	0.4029	0.256	0.2833	0.4346	0.2889	0.3178	0.2338	0.3582	0.2291	0.2857	0.2453	0.2056	0.3856	0.317	0.2124	0.328	0.3578	0.3795	0.3455	0.3249	0.6646	0.6793	0.8045	0.8076	0.5697	0.5317	0.6895	0.8339	0.6569	0.6611	0.4161	0.4892	0.4403	0.6537	0.424	0.2705	0.2177	0.1904	0.2511	0.2668	0.2638	0.3238	0.2228	0.1936	0.2668	0.2673	0.2946	0.2661	0.2511	0.2375	0.261	0.2993	0.2088	0.2625	0.2861	0	0	0	0	0	0.025	0.0735	0.123	0.1069	0.1022	3e-04	0.0028	0.0131	0.0039	7e-04	0.2131	0.2175	0.2701	0.4732	0.2251	0.2921	0.248	0.2418	0.2596	0.2467	0.2077	0.2134	0.3411	0.2581	0.259	0	0	0	0	0
"240"	"69666"	0.406	0.2201	0.2058	0.5931	0.543	0.3384	0.4649	0.4196	0.2915	0.295	0.4547	0.3191	0.3012	0.315	0.4632	0.3985	0.4787	0.3847	0.3562	0.4201	0.3184	0.369	0.3421	0.2832	0.4448	0.383	0.4176	0.4416	0.4302	0.3932	0.9232	0.9168	0.8752	0.8787	1.0495	0.7876	0.7688	0.5577	0.7086	0.8994	0.7124	0.4394	0.5348	0.482	0.5619	0.3549	0.5087	0.2857	0.3814	0.3889	0.5696	0.295	0.2941	0.316	0.3684	0.4688	0.3036	0.39	0.332	0.2954	0.4316	0.5073	0.2932	0.3566	0.3332	0	0	0	0	0	0.0363	0.1429	0.1934	0.1937	0.1267	0.0011	0.0182	0.0177	0.3577	8e-04	0.3501	0.3213	0.4595	0.2143	0.3519	0.3611	0.4654	0.4947	0.3567	0.3723	0.3042	0.3447	0.2299	0.2828	0.4072	0.3027	0	0	0	0
"241"	"36863"	0.3534	0.1209	0.3188	0.2653	0.2261	0.3061	0.322	0.357	0.256	0.3866	0.3036	0.2915	0.3126	0.1951	0.3251	0.262	0.3778	0.3657	0.3011	0.2331	0.3764	0.2507	0.2634	0.2014	0.2581	0.411	0.358	0.3204	0.3164	0.3757	0.7537	0.8745	0.8007	0.8339	0.7525	0.594	0.6792	0.5138	0.6738	0.7308	0.436	0.5382	0.5745	0.4152	0.581	0.3298	0.4316	0.2228	0.2932	0.3118	0.2761	0.261	0.2704	0.2471	0.2856	0.2923	0.3264	0.2993	0.2932	0.3473	0.295	0.4186	0.2385	0.3118	0.3037	0	0	0	0	0	0.0292	0.0983	0.1496	0.1229	0.1826	7e-04	0.0046	0.0022	0.0169	0.0025	0.2563	0.2431	0.3093	0.4989	0.3058	0.3686	0.394	0.27	0.3215	0.2878	0.2609	0.2467	0.2155	0.2717	0.2776	0	0	0	0	0
"242"	"1464"	0.5333	0.6707	0.7441	0.5233	0.7455	0.7026	0.4477	0.5913	0.4863	1.0396	0.5461	0.4376	0.6208	0.9082	0.5416	0.5578	0.4658	0.5135	0.7068	0.5415	0.405	0.3742	0.6999	0.4616	0.5058	0.4325	0.5047	0.6131	0.3901	0.438	1.0113	1.3537	1.4067	1.2799	1.6502	0.9755	1.225	1.6878	0.9422	0.9042	1.437	0.8762	0.8663	0.6832	0.708	0.6649	0.3427	0.5244	0.5401	0.5479	0.5863	0.5087	0.7931	0.3991	0.5479	0.5863	0.5451	0.5438	0.5401	0.5546	0.566	0.5244	0.461	0.5479	0.4922	0	0	0	0	0	0.1149	0.2663	0.7333	0.6647	0.3308	0.0138	0.0709	0.0489	0.0171	0.0086	0.5466	0.5204	0.6826	0.9667	0.6186	0.6454	0.4689	0.7951	0.6089	0.4574	0.3997	0.5124	0.4812	0.4021	0.3991	0	1.1383	0.2133	0.8515	0.6385
"243"	"284016"	0.7897	3.6108	2.8465	1.1171	1.0063	0.4964	0.617	1.2556	0.6219	0.4616	0.6819	0.6219	1.1624	0.7719	0.6514	0.5627	1.0006	0.5456	0.8514	0.8854	0.5842	0.6563	0.7583	0.6895	0.9952	0.7531	0.617	0.7915	0.5371	0.5653	1.6832	1.5849	2.6396	1.5658	1.672	1.7205	1.4999	1.0928	0.9355	1.1263	0.9635	1.3387	1.2993	1.1617	1.5505	0.7549	0.6959	0.7274	0.9359	0.752	0.7549	0.9582	0.6766	1.0545	0.6765	0.7549	0.7712	0.7931	0.7314	0.752	0.9582	1.2368	0.7314	0.696	0.9381	0	0	0	0	0	0.1482	1.0197	1.5317	0.3578	1.1343	0.028	0.0784	1.3974	0.1813	0.0493	1.1211	1.058	0.6505	0.6088	0.8064	0.7717	0.8686	0.6083	0.6711	1.1479	0.6911	0.5562	0.4718	0.4332	0.6273	0.9049	0.7659	1.4876	1.0699	1.3945
"244"	"94132"	0.4283	0.2737	0.2517	0.7105	0.3346	0.3786	0.4969	0.4967	0.3232	0.3014	0.4368	0.361	0.3273	0.3766	0.5048	0.4339	0.5452	0.4032	0.3925	0.3019	0.3272	0.4116	0.4792	0.6428	0.3243	0.4155	0.3814	0.4741	0.3469	0.3751	0.973	0.9781	0.8176	0.9472	1.0943	0.5999	0.9114	1.3152	0.761	0.9055	0.7541	0.6756	0.8025	0.5055	0.6969	0.3587	0.5451	0.5438	0.316	0.3566	0.3298	0.566	0.5073	0.3814	0.3889	0.4876	0.5112	0.4112	0.3704	0.3541	0.3264	0.2941	0.2955	0.3764	0.3425	0	0	0	0	0	0.0393	0.1521	0.221	0.1972	0.2129	0.002	0.0089	0.0173	0.0059	0.0011	0.3633	0.3366	0.3421	0.6071	0.3435	0.5781	0.3662	0.5118	0.4294	0.2985	0.3214	0.3274	0.2787	0.2889	0.4177	0.6328	0.0923	0.2599	0.4263	0.3989
"245"	"145483"	0.1139	0	0	0	0	0.1829	0.215	0.1676	0.2198	0.1097	0.1676	0.1738	0.1805	0.1934	0.1681	0.2202	0.1943	0.1676	0.1537	0.136	0.1567	0.1223	0.2973	0.172	0.132	0.2689	0.2759	0.2301	0.2917	0.2662	0.5356	0.6593	0.4866	0.5693	0.4634	0.4489	0.4509	0.3913	0.5184	0.5694	0.3486	0.318	0.2953	0.2979	0.3029	0.2673	0.151	0.1451	0.1897	0.1658	0.2705	0.229	0.1574	0.1897	0.1325	0.2172	0.2005	0.1543	0.1029	0.1239	0.1664	0.1543	0.1225	0.1262	0.203	0	0	0	0	0	0.0084	0.0372	0.0645	0.0237	0.0214	0	4e-04	5e-04	0.0022	2e-04	0.1569	0.1873	0.1821	0.1961	0.1978	0.235	0.2563	0.21	0.1998	0.1358	0.1748	0.2145	0.1965	0.1715	0.1942	0	0	0	0	0
"246"	"29539"	0.8825	0.6828	1.068	1.1737	1.2662	0.5384	1.4736	0.6819	1.2376	0.682	0.8993	1.3542	0.8703	1.1424	1.0789	0.7143	1.2766	0.6583	1.1445	1.3265	1.1025	0.6548	0.8386	1.3089	1.2434	0.613	0.5504	0.5267	0.673	0.5481	2.7153	1.911	1.1154	2.2872	1.4792	1.7432	1.9033	1.6496	0.9766	1.2266	1.4551	1.9033	1.3303	1.3291	5.0696	1.0204	0.7267	1.2368	0.6807	0.9091	0.868	0.9808	0.7274	2.9642	0.752	0.8756	1.0139	0.9432	1.0545	1.9244	1.2123	0.7274	1.0545	1.5029	1.304	0	0	0	0	0	0.8481	0.6846	1.1018	0.4392	0.4345	0.0342	1.7425	0.058	0.6616	0.0894	1.3128	1.2241	0.7355	0.7299	0.9144	0.7731	0.6537	1.1389	1.1205	1.2913	0.8317	0.7519	0.5104	0.7442	0.4968	6.3488	5.0069	0.9693	1.4139	1.892
"251"	"384"	0	0.0588	0.197	0.2241	0.0957	0.259	0.2244	0.2065	0.199	0.1831	0.357	0.2804	0.2525	0.3866	0.2405	0.3002	0.2163	0.3185	0.1981	0.2336	0.2195	0.1885	0.1723	0.2829	0.1834	0.3141	0.3289	0.343	0.3396	0.304	0.723	0.7325	0.7903	0.6207	0.5296	0.5093	0.5035	0.5016	0.5682	0.7048	0.4086	0.4213	0.4496	0.3587	0.5133	0.246	0.1925	0.1714	0.2383	0.2592	0.2361	0.2953	0.2993	0.2932	0.2592	0.2912	0.2225	0.1961	0.2351	0.2671	0.2225	0.2829	0.2885	0.2668	0.251	0	0	0	0	0	0.011	0.1559	0.124	0.1224	0.0468	4e-04	0.0024	0.004	0.006	3e-04	0.1945	0.1976	0.2681	0.3322	0.1912	0.3095	0.1883	0.2809	0.2233	0.2603	0.1824	0.316	0.2083	0.2147	0.2431	0	0	0	0	0
"252"	"76731"	0	0.017	0	0	0.1136	0.2318	0.2071	0.2203	0.1597	0.1785	0.1453	0.2198	0.2128	0.1504	0.2041	0.2113	0.267	0.2473	0.2289	0.1662	0.2692	0.2066	0.3331	0.197	0.1578	0.2975	0.3132	0.2444	0.3068	0.2981	0.7149	0.7261	0.5513	0.5831	0.4884	0.4791	0.576	0.6428	0.5183	0.5317	0.3757	0.3731	0.3472	0.5166	0.4707	0.2026	0.2873	0.2875	0.2079	0.2301	0.2912	0.2479	0.2661	0.2511	0.2212	0.2705	0.2479	0.2365	0.1751	0.18	0.1961	0.2315	0.2721	0.2043	0.2456	0	0	0	0	0	0.007	0.1218	0.0518	0.1186	0.0339	1e-04	7e-04	2e-04	0.0045	2e-04	0.1656	0.1912	0.1806	0.1373	0.2354	0.2632	0.3092	0.201	0.22	0.2111	0.2006	0.1899	0.2211	0.2555	0.2317	0	0	0	0	0
"253"	"364039"	0	0.0494	0.1417	0.1221	0.1343	0.2496	0.2171	0.231	0.2804	0.2834	0.1568	0.199	0.2439	0.3125	0.207	0.227	0.2011	0.258	0.155	0.2171	0.1993	0.1842	0.1512	0.2264	0.3033	0.2996	0.3212	0.2539	0.3338	0.3549	0.6138	0.6423	0.5837	0.6082	0.521	0.4921	0.6742	0.4222	0.6247	0.6668	0.4203	0.4101	0.3942	0.3578	0.376	0.2172	0.3036	0.1583	0.2385	0.2401	0.2102	0.2867	0.2875	0.1883	0.2401	0.2638	0.2867	0.2598	0.1941	0.2625	0.2749	0.2469	0.1751	0.2485	0.2473	0	0	0	0	0	0.022	0.0676	0.1128	0.0536	0.0389	3e-04	0.0024	3e-04	0.0059	2e-04	0.1796	0.2154	0.2122	0.3124	0.2397	0.283	0.1877	0.2689	0.2383	0.2169	0.1765	0.275	0.2029	0.2638	0.2344	0	0	0	0	0
"257"	"67352"	0	0	0.0264	0	0	0.2128	0.1785	0.1568	0.2607	0.1512	0.1225	0.1834	0.1831	0.1461	0.1702	0.1828	0.2295	0.2786	0.2054	0.1717	0.2427	0.1432	0.1354	0.1867	0.2775	0.2756	0.3095	0.2326	0.2535	0.2826	0.6675	0.681	0.5502	0.6997	0.8185	0.4653	0.5183	0.411	0.5852	0.5243	0.3561	0.3525	0.3217	0.4949	0.3664	0.1844	0.2851	0.2661	0.2088	0.1948	0.2896	0.1842	0.1682	0.2351	0.2301	0.267	0.229	0.1776	0.1432	0.2592	0.229	0.1888	0.1432	0.194	0.2424	0	0	0	0	0	0.0153	0.0994	0.0432	0.0316	0.0744	1e-04	0.001	2e-04	0.003	2e-04	0.1619	0.1861	0.1362	0.216	0.1643	0.2505	0.169	0.1803	0.2015	0.1755	0.1974	0.177	0.1977	0.1844	0.2306	0	0	0	0	0
"258"	"1824"	0	0	0	0	0.0649	0.2371	0.2257	0.196	0.1507	0.1489	0.2203	0.1758	0.2043	0.2093	0.1721	0.2594	0.2238	0.2677	0.1399	0.1493	0.2304	0.1239	0.1189	0.1626	0.2738	0.2924	0.3134	0.295	0.2933	0.2771	0.6374	0.6717	0.5277	0.5695	0.4796	0.4798	0.4952	0.5974	0.579	0.6011	0.3632	0.3276	0.3965	0.3345	0.4349	0.1728	0.1721	0.1574	0.1941	0.18	0.1756	0.1804	0.1583	0.2088	0.18	0.246	0.2177	0.1605	0.1389	0.1325	0.1842	0.1776	0.2471	0.1658	0.2198	0	0	0	0	0	0.0059	0.096	0.0854	0.0278	0.0697	1e-04	7e-04	8e-04	0.0035	1e-04	0.1604	0.1904	0.1269	0.214	0.1628	0.2256	0.1422	0.2569	0.201	0.1587	0.1776	0.223	0.2051	0.1789	0.2119	0	0	0	0	0
"381"	"927083"	0	0	0	0	0	0.14	0.1419	0.0782	0.1563	0.0592	0.0755	0.096	0.114	0.0711	0.1113	0.1694	0.1436	0.1643	0.1076	0.0948	0.1347	0.0384	0.1809	0.0746	0.214	0.2344	0.2485	0.2246	0.2341	0.1951	0.4468	0.4877	0.4205	0.6059	0.5681	0.4026	0.3898	0.5081	0.4585	0.419	0.2898	0.2788	0.306	0.3879	0.2338	0.1756	0.2031	0.0797	0.1432	0.0975	0.1157	0.0865	0.1528	0.1029	0.1262	0.1464	0.1721	0.1083	0.1883	0.1345	0.1721	0.1193	0.1936	0.1011	0.1483	0	0	0	0	0	0.0011	0.0337	0.0274	0.0335	0.0089	0	2e-04	1e-04	5e-04	0	0.0731	0.1139	0.1126	0.1025	0.0762	0.145	0.0716	0.177	0.1179	0.1139	0.1283	0.1587	0.1507	0.1196	0.1593	0	0	0	0	0
"382"	"858423"	0	0	0	0	0	0.1503	0.1728	0.0948	0.0879	0.0889	0.1038	0.1317	0.1097	0.0965	0.1264	0.1796	0.1559	0.1005	0.1312	0.1171	0.164	0.076	0.1008	0.102	0.0677	0.2359	0.2904	0.2353	0.2659	0.2986	0.5655	0.5538	0.5742	0.512	0.5885	0.4177	0.4005	0.3681	0.4892	0.4647	0.3364	0.3015	0.322	0.2438	0.2575	0.2361	0.2225	0.111	0.114	0.1262	0.2172	0.1925	0.1605	0.1225	0.1265	0.1728	0.1778	0.1193	0.0722	0.0714	0.1345	0.1451	0.2079	0.1325	0.1732	0	0	0	0	0	0.0019	0.0155	0.0371	0.0588	0.0121	1e-04	2e-04	1e-04	7e-04	0	0.0916	0.1279	0.1228	0.1258	0.0874	0.1861	0.1169	0.1314	0.1371	0.116	0.1424	0.181	0.1751	0.1533	0.1772	0	0	0	0	0
"383"	"2748629"	0	0	0	0	0	0.157	0.1599	0.1035	0.0771	0.0642	0.0813	0.1053	0.1219	0.0777	0.1264	0.165	0.1203	0.2009	0.1073	0.1209	0.1518	0.054	0.0619	0.142	0.0498	0.2317	0.2752	0.2261	0.2058	0.2088	0.5349	0.4895	0.4216	0.4588	0.5754	0.4176	0.4037	0.3443	0.3893	0.4465	0.3031	0.2818	0.2526	0.3996	0.2347	0.1235	0.0766	0.1605	0.0805	0.1131	0.2026	0.1915	0.1543	0.1237	0.0934	0.153	0.1207	0.1089	0.0703	0.1658	0.1778	0.1218	0.0608	0.1236	0.1191	0	0	0	0	0	0.0016	0.0118	0.0168	0.0455	0.0092	0	1e-04	1e-04	0.0017	0	0.0765	0.0907	0.0749	0.1054	0.1549	0.1568	0.1925	0.1163	0.1212	0.095	0.1328	0.1395	0.1639	0.1799	0.147	0	0	0	0	0
"384"	"1300035"	0	0	0	0	0	0.1398	0.1441	0.1038	0.0846	0.1805	0.0948	0.123	0.1648	0.0947	0.1289	0.1768	0.1544	0.2233	0.1119	0.1222	0.1256	0.1633	0.0866	0.0903	0.0659	0.2443	0.2147	0.2342	0.2469	0.2179	0.4833	0.5133	0.5609	0.4811	0.4215	0.4163	0.388	0.3456	0.3904	0.4528	0.3176	0.2839	0.2536	0.239	0.2574	0.2102	0.0969	0.0994	0.1007	0.1236	0.1381	0.1207	0.1112	0.1257	0.1131	0.1723	0.1345	0.1189	0.2079	0.2043	0.1252	0.1309	0.0722	0.1311	0.1298	0	0	0	0	0	0.0061	0.0144	0.0351	0.007	0.0098	0	2e-04	0	0.0022	0	0.0853	0.0984	0.0784	0.1132	0.0813	0.1721	0.0886	0.19	0.137	0.1101	0.141	0.1402	0.1699	0.1484	0.1734	0	0	0	0	0
"385"	"1274631"	0	0	0	0	0	0.118	0.1376	0.0651	0.1322	0.1648	0.0608	0.0846	0.0991	0.04	0.1171	0.1206	0.1166	0.1208	0.0851	0.0738	0.1097	0.1193	0.1545	0.1142	0.0336	0.2197	0.1883	0.1978	0.1796	0.1411	0.4183	0.413	0.5191	0.5821	0.3862	0.3919	0.3437	0.4266	0.3447	0.3758	0.2472	0.2552	0.2866	0.3509	0.2146	0.1577	0.1842	0.1543	0.1029	0.0713	0.0881	0.0575	0.0797	0.0941	0.0713	0.1577	0.151	0.1416	0.0351	0.0531	0.0865	0.1083	0.1558	0.0934	0.1013	0	0	0	0	0	0.0023	0.0161	0.0102	0.001	0.0043	0	1e-04	0	4e-04	0	0.0711	0.0849	0.0831	0.101	0.0961	0.0985	0.0492	0.1046	0.0763	0.0786	0.1242	0.1298	0.1366	0.1108	0.136	0	0	0	0	0
"386"	"58347"	0	0	0	0	0	0.1834	0.176	0.1186	0.1738	0.186	0.1106	0.1415	0.1143	0.155	0.1505	0.1754	0.1741	0.2534	0.1086	0.1328	0.1319	0.1843	0.2233	0.1048	0.099	0.2598	0.3053	0.2578	0.2731	0.3048	0.5257	0.5881	0.4518	0.6157	0.6629	0.4451	0.4137	0.5139	0.4104	0.4669	0.3021	0.3099	0.2772	0.4661	0.2744	0.153	0.1182	0.1888	0.1461	0.1311	0.246	0.1506	0.1218	0.1432	0.1311	0.1844	0.1517	0.1714	0.0782	0.0975	0.1925	0.1528	0.0889	0.1221	0.1398	0	0	0	0	0	0.0033	0.0243	0.0511	0.0154	0.0241	0	4e-04	3e-04	0.0016	1e-04	0.1173	0.1345	0.1602	0.1485	0.1848	0.1599	0.2417	0.1517	0.175	0.1356	0.1614	0.2029	0.1816	0.1631	0.1997	0	0	0	0	0
"387"	"193"	0	0	0	0	0	0.0394	0.0864	0.0315	0	0	0.0192	0.0282	0.047	0.0945	0.1063	0.0626	0.0307	0.0604	0.0681	0	0.074	0.1016	0	0.0597	0	0.1315	0.1656	0	0	0	0.3858	0.4338	0.3588	0.3551	0.475	0.3343	0.3051	0.297	0.3121	0.352	0.2159	0.213	0.2219	0.1841	0.2539	0.0453	0	0.0994	0.035	0.0325	0	0	0.0488	0.0576	0.0708	0.0678	0.0296	0.0645	0.114	0.069	0.0624	0.0629	0.0805	0.0294	0.0513	0	0	0	0	0	0	0	0.0087	0	0.0029	0	0	0	0	0	0	0.0168	0	0.0751	0	0.0466	0	0.0944	0.0247	0.0382	0.1024	0.1225	0.0919	0.0912	0.1085	0	0	0	0	0
"388"	"931866"	0	0	0	0	0	0.0768	0.086	0.0627	0.0264	0	0.0627	0.0845	0.0518	0.1253	0.0668	0.0862	0.0729	0.045	0.0843	0.0924	0.0967	0	0.1075	0.0378	0	0.1706	0.1732	0.1594	0.2086	0.27	0.4515	0.4013	0.3756	0.3948	0.4859	0.3731	0.3204	0.4116	0.3257	0.3736	0.2842	0.242	0.2479	0.2002	0.2019	0.1157	0.1517	0.1089	0.0605	0.0902	0.0453	0.1721	0.055	0.0751	0.0907	0.097	0.0781	0.0512	0	0.0294	0.1256	0.0645	0.1237	0.0713	0.0811	0	0	0	0	0	0.0013	0.014	0.0077	0	0.0049	0	0	0	2e-04	0	0.0485	0.065	0.0451	0.0858	0.087	0.0798	0	0.1321	0.0659	0.0636	0.1078	0.1114	0.1088	0.097	0.1131	0	0	0	0	0
"389"	"593909"	0	0	0	0	0	0.1274	0.1653	0.0797	0.0844	0.0854	0.1035	0.1202	0.1309	0.0809	0.1263	0.1699	0.142	0.0889	0.1107	0.1057	0.1179	0.0658	0.0786	0.0797	0.0558	0.2379	0.2859	0.2193	0.2394	0.2105	0.4748	0.5305	0.5421	0.46	0.4114	0.4215	0.4066	0.5128	0.4693	0.4468	0.2903	0.298	0.3123	0.4402	0.2457	0.207	0.0834	0.0973	0.0941	0.1221	0.2154	0.1087	0.111	0.11	0.0975	0.1671	0.1252	0.1574	0.1936	0.194	0.1207	0.1416	0.0703	0.1239	0.1537	0	0	0	0	0	0.0045	0.0475	0.0208	0.0063	0.0181	1e-04	2e-04	0	0.0021	0	0.084	0.1337	0.1209	0.116	0.1627	0.1617	0.1958	0.129	0.1329	0.1304	0.133	0.1633	0.1701	0.1291	0.1582	0	0	0	0	0
"390"	"29449"	0	0	0	0	0	0.0292	0.0329	0.0255	0	0	0.0339	0.0592	0	0	0.0969	0.0392	0.0669	0.0541	0.04	0.0762	0.0427	0	0.0455	0.0495	0	0.1334	0	0	0	0	0.3782	0.3659	0.3372	0.5374	0.4686	0.3317	0.2889	0.2891	0.3033	0.3113	0.2124	0.2402	0.1905	0.1777	0.183	0	0	0.0796	0.0608	0.0455	0	0.1282	0	0.035	0	0.0333	0.0766	0.0386	0.1007	0.0474	0.0242	0.0488	0	0.06	0.0336	0	0	0	0	0	8e-04	0.0072	0	0	9e-04	0	0	0	0	0	0	0.0141	0.045	0.0697	0	0	0.082	0.0508	0.0295	0.0267	0.1064	0.0963	0.1191	0.0875	0.1129	0	0	0	0	0
"391"	"551987"	0	0	0	0	0	0.1337	0.1377	0.0651	0.0563	0.1707	0.0611	0.0962	0.0854	0.047	0.0988	0.1511	0.1107	0.127	0.1036	0.0887	0.107	0.0305	0.1651	0.059	0.204	0.2185	0.2044	0.2133	0.2276	0.2854	0.4312	0.435	0.5298	0.4196	0.4006	0.3909	0.3486	0.4913	0.3589	0.3941	0.2971	0.26	0.2884	0.2166	0.3204	0.1625	0.0343	0.1605	0.078	0.0714	0.1728	0.1778	0.0973	0.0889	0.0714	0.111	0.0865	0.1451	0.0576	0.0671	0.1087	0.1089	0.1883	0.0907	0.1179	0	0	0	0	0	0.0032	0.0097	0.0103	0.0018	0.0093	0	1e-04	0	7e-04	0	0.12	0.0897	0.0723	0.0993	0.0616	0.1472	0.0663	0.1522	0.0896	0.1081	0.125	0.1409	0.1441	0.1743	0.1527	0	0	0	0	0
"392"	"29581"	0	0	0	0	0	0.2013	0.1765	0.1453	0.2514	0.1143	0.2103	0.1662	0.1785	0.1316	0.161	0.2516	0.2102	0.2361	0.1884	0.1466	0.1846	0.2024	0.3269	0.1821	0.1375	0.2816	0.2937	0.2794	0.2501	0.2676	0.6326	0.5883	0.5208	0.6919	0.4725	0.4781	0.4482	0.396	0.559	0.524	0.3503	0.3393	0.3179	0.3226	0.4212	0.29	0.1639	0.2469	0.1883	0.2043	0.1734	0.1707	0.2315	0.1941	0.2043	0.2102	0.1842	0.1904	0.1225	0.1311	0.1804	0.1605	0.1389	0.1345	0.2152	0	0	0	0	0	0.0119	0.0776	0.0381	0.1135	0.0501	1e-04	4e-04	1e-04	0.0023	1e-04	0.1595	0.1601	0.1142	0.1209	0.1468	0.2054	0.304	0.2491	0.1991	0.1795	0.1622	0.1656	0.1883	0.2372	0.2059	0	0	0	0	0
"393"	"536018"	0	0	0	0	0	0.0082	0	0	0.0707	0.0661	0	0.0519	0	0	0	0.0449	0	0	0	0.0589	0	0.0856	0.0241	0	0.1294	0	0.1077	0.1588	0.1805	0.2118	0.3581	0.4183	0.4252	0.4961	0.4595	0.3112	0.2811	0.3352	0.3837	0.3091	0.2041	0.1907	0.1628	0.1662	0.1688	0	0	0	0.0351	0	0.0367	0	0	0	0.0474	0	0.0343	0.0323	0.078	0	0	0	0.078	0	0	0	0	0	0	0	0	0.0064	0	0.0126	0	0	0	0	3e-04	0	0.0712	0	0	0	0	0.0567	0	0	0.013	0	0.0871	0.1106	0.1051	0.0848	0.0978	0	0	0	0	0
"394"	"563176"	0	0	0	0	0	0.0962	0.0989	0.0608	0.0282	0.0453	0.0651	0.0595	0.0661	0	0.1094	0.0944	0.0822	0.0516	0.0855	0.0585	0.0841	0.0216	0.124	0.1008	0.17	0.1599	0.1775	0.1673	0.1727	0.1083	0.4089	0.4913	0.3758	0.3964	0.51	0.3799	0.3201	0.4124	0.4275	0.3991	0.2914	0.2502	0.2678	0.2159	0.2696	0.0975	0.1707	0.1193	0.0638	0.0671	0.153	0	0.1083	0.0782	0.1011	0.1381	0.1256	0.1112	0.1461	0.0459	0.0781	0.0973	0.1461	0.0708	0.0741	0	0	0	0	0	0.0014	0.0061	0.0176	0.0277	0.0042	0	0	0	4e-04	0	0.1135	0.0837	0.0781	0.088	0.0354	0.0872	0.0314	0.0998	0.0927	0.0559	0.1151	0.1332	0.1418	0.1028	0.1272	0	0	0	0	0
"395"	"303"	0	0	0	0	0	0.1256	0.1401	0.0755	0.0595	0.0527	0.0636	0.0998	0.1009	0.0522	0.1085	0.142	0.1202	0.0768	0.092	0.0895	0.1098	0.1309	0.1725	0.1204	0.2115	0.2218	0.218	0.2213	0.2048	0.171	0.5158	0.4361	0.3977	0.592	0.4033	0.3959	0.3506	0.5081	0.3614	0.4122	0.2674	0.2694	0.2897	0.2314	0.2217	0.1694	0.1961	0.055	0.1225	0.0742	0.097	0.0781	0.1309	0.114	0.0742	0.1694	0.1639	0.0796	0.0608	0.1265	0.1607	0.1112	0.0546	0.0975	0.1098	0	0	0	0	0	0.001	0.0202	0.0127	0.003	0.0095	0	1e-04	0	0.0013	0	0.1276	0.0919	0.0735	0.1129	0.0727	0.1148	0.1789	0.1589	0.1197	0.1096	0.1282	0.1309	0.1519	0.1157	0.1579	0	0	0	0	0
"396"	"286638"	0	0	0	0	0	0.1698	0.1538	0.1062	0.096	0.0991	0.1129	0.1507	0.1707	0.1446	0.1277	0.191	0.144	0.1012	0.1369	0.1263	0.1655	0.0934	0.1941	0.165	0.086	0.2549	0.216	0.2466	0.2676	0.2252	0.5095	0.588	0.4308	0.5171	0.4306	0.4205	0.4084	0.3807	0.5037	0.4613	0.2953	0.3008	0.3344	0.2653	0.2671	0.1464	0.2429	0.1112	0.1237	0.1265	0.2373	0.1252	0.1605	0.1461	0.1236	0.1734	0.1915	0.1583	0.23	0.0742	0.1915	0.1574	0.0782	0.1705	0.1858	0	0	0	0	0	0.0026	0.0186	0.0474	0.0126	0.0134	1e-04	3e-04	2e-04	0.0024	0	0.106	0.1307	0.0792	0.1354	0.1691	0.1918	0.2334	0.1416	0.1681	0.1196	0.1354	0.1839	0.1817	0.1833	0.1819	0	0	0	0	0
"397"	"160791"	0	0	0	0	0	0.1706	0.1901	0.148	0.1834	0.2043	0.1186	0.1549	0.1489	0.1231	0.1297	0.1999	0.1775	0.1233	0.1256	0.1305	0.153	0.1014	0.2291	0.1169	0.1216	0.2518	0.3104	0.2205	0.2264	0.3102	0.5355	0.6338	0.4667	0.6278	0.4463	0.4292	0.4144	0.5303	0.4262	0.4935	0.3295	0.3019	0.2849	0.2776	0.2761	0.1671	0.1256	0.1961	0.1558	0.1325	0.267	0.1517	0.1888	0.1558	0.1345	0.207	0.1664	0.1309	0.0889	0.1131	0.2005	0.1682	0.0935	0.18	0.2067	0	0	0	0	0	0.0062	0.0269	0.0238	0.078	0.0353	0	3e-04	4e-04	0.0018	1e-04	0.122	0.1546	0.1797	0.1641	0.1902	0.1771	0.1303	0.1963	0.1465	0.1543	0.1365	0.2113	0.1838	0.2139	0.2043	0	0	0	0	0
"398"	"331696"	0	0	0	0	0	0.116	0.125	0.0709	0.1415	0.0507	0.0797	0.0865	0.1021	0.1365	0.1246	0.1392	0.139	0.0756	0.0886	0.082	0.1005	0.1262	0.039	0.1179	0.1859	0.1952	0.2041	0.2068	0.1911	0.157	0.4912	0.5155	0.3897	0.4152	0.3993	0.3896	0.3445	0.331	0.3537	0.3921	0.2534	0.2799	0.2269	0.3604	0.2849	0.111	0.0242	0.0499	0.11	0.112	0.0926	0.0728	0.1193	0.1007	0.112	0.1625	0.1607	0.0753	0.0546	0.1262	0.151	0.111	0.1769	0.0902	0.1176	0	0	0	0	0	0.0025	0.0164	0.0264	0.0319	0.0063	0	1e-04	0	5e-04	0	0.0718	0.0879	0.0693	0.101	0.1153	0.146	0.0619	0.1511	0.0771	0.0853	0.1254	0.1404	0.147	0.168	0.1462	0	0	0	0	0
"399"	"305"	0	0	0	0	0	0.0236	0.0671	0.0207	0.0857	0.0854	0.0189	0	0.0453	0	0	0.0491	0.0791	0	0.0535	0.0817	0.0482	0.0966	0.0594	0	0	0	0.1426	0	0	0	0.3659	0.3783	0.352	0.3368	0.3552	0.3188	0.2899	0.362	0.3921	0.3232	0.2335	0.2123	0.2077	0.1821	0.1866	0.0333	0	0	0	0.0294	0.0925	0.151	0	0.054	0.06	0.0367	0	0.0499	0	0.025	0.0343	0.0512	0	0	0.0443	0	0	0	0	0	9e-04	0	0.0055	0	0.0015	0	0	0	0	0	0.0761	0.0435	0.0485	0.0556	0	0.0279	0	0.0826	0.0408	0.0339	0.1084	0.1213	0.0887	0.0899	0.1062	0	0	0	0	0
"400"	"76891"	0	0	0	0	0	0.0672	0.0629	0.0379	0	0.1014	0.0315	0.0663	0.0527	0	0.0079	0.0696	0.0864	0.0701	0.0718	0	0.0494	0	0.0164	0.0711	0	0.1417	0.1594	0.191	0.1527	0.2608	0.4008	0.3904	0.3662	0.3676	0.3643	0.3703	0.316	0.2998	0.3138	0.3596	0.2492	0.2478	0.2069	0.3028	0.191	0.0881	0	0.0126	0.054	0.0459	0.1235	0	0.0629	0.0605	0.0719	0.0881	0.0834	0.0797	0.1237	0.0719	0.0834	0.0386	0	0.0325	0.0483	0	0	0	0	0	0.001	0.0113	0.0108	0.0173	0.0035	0	0	0	0	0	0	0.0582	0.0712	0.0712	0	0.0572	0.129	0.1008	0.0374	0.0438	0.1036	0.1043	0.0988	0.0922	0.12	0	0	0	0	0
"401"	"28901"	0	0	0	0	0	0.0794	0.0931	0.0398	0.1202	0.1219	0.0651	0.0857	0.057	0.128	0.0772	0.1057	0.1162	0.1002	0.0711	0.0936	0.0758	0.0194	0.0256	0.0422	0	0.1877	0.1824	0.2038	0.1721	0	0.3924	0.4841	0.4731	0.5688	0.3759	0.3761	0.3257	0.3115	0.3349	0.3929	0.2848	0.2467	0.2216	0.3348	0.2056	0.0925	0.1664	0.1189	0.0889	0.0531	0.0742	0	0.0645	0.0722	0.0459	0.1157	0.1182	0.111	0	0.0325	0.0728	0.0797	0.1257	0.0714	0.0861	0	0	0	0	0	5e-04	0.0057	0.0101	0	0.0032	0	0	0	3e-04	0	0.0916	0.0604	0.0771	0.0849	0.0313	0.1044	0.1441	0.0972	0.0779	0.0685	0.1108	0.1184	0.1179	0.101	0.1197	0	0	0	0	0
"402"	"179636"	0	0	0	0	0	0.2281	0.2228	0.1225	0.1317	0.256	0.196	0.1597	0.186	0.1297	0.158	0.2278	0.1839	0.1942	0.1594	0.1424	0.1743	0.2005	0.1121	0.1509	0.2561	0.2709	0.2908	0.2723	0.2357	0.3374	0.6196	0.5775	0.4956	0.6784	0.7554	0.4646	0.4473	0.57	0.4824	0.4844	0.3511	0.3289	0.3034	0.3067	0.3915	0.2761	0.1607	0.2315	0.1769	0.194	0.1694	0.1664	0.1961	0.1769	0.1705	0.2373	0.1804	0.1605	0.11	0.2401	0.1707	0.1605	0.2383	0.1265	0.2043	0	0	0	0	0	0.0106	0.0434	0.0305	0.0908	0.0405	1e-04	6e-04	1e-04	0.0032	1e-04	0.1601	0.1553	0.2023	0.1996	0.1411	0.2018	0.2863	0.2351	0.198	0.1565	0.151	0.1582	0.1984	0.177	0.2049	0	0	0	0	0
"403"	"40324"	0	0	0	0	0	0.0536	0.0201	0.0339	0.0962	0	0.0255	0.0356	0.0507	0.1	0	0.0593	0.0829	0.0359	0.0478	0	0.0452	0	0	0	0	0.1405	0.1697	0.1342	0	0.2527	0.3869	0.3872	0.455	0.3599	0.3578	0.3362	0.3128	0.3781	0.4063	0.3346	0.2488	0.2261	0.185	0.3025	0.2566	0.0742	0.1345	0	0.0703	0.06	0.111	0.1607	0.0512	0.0548	0.025	0.0742	0.0575	0.0342	0	0.0708	0.0766	0.0753	0	0.069	0.0455	0	0	0	0	0	0	6e-04	0.0102	0	9e-04	0	0	0	0	0	0	0.0231	0.0711	0.0657	0.0685	0.077	0.1246	0.0978	0.062	0.0369	0.122	0.1021	0.0946	0.1549	0.1191	0	0	0	0	0
"404"	"450734"	0	0	0	0	0	0.094	0.1232	0.0611	0.0356	0.047	0.0398	0.0771	0.0768	0.0332	0.083	0.1202	0.087	0.0584	0.0819	0.0609	0.0978	0.1133	0.1389	0.0507	0.1739	0.1665	0.1832	0.1822	0.2125	0.2709	0.4525	0.4036	0.5181	0.5744	0.3797	0.3809	0.3359	0.3229	0.4391	0.4073	0.2947	0.2656	0.2743	0.3367	0.2777	0.1381	0.1804	0.1309	0.0751	0.0907	0.1671	0	0.1089	0.078	0.0531	0.1411	0.084	0.0629	0.1558	0.112	0.1282	0.0994	0	0.0719	0.0918	0	0	0	0	0	8e-04	0.0065	0.0197	8e-04	0.0066	0	0	0	2e-04	0	0.1192	0.0801	0.0492	0.0981	0.039	0.1174	0.1632	0.1388	0.0933	0.0717	0.1236	0.1395	0.1223	0.1037	0.1297	0	0	0	0	0
"405"	"78587"	0	0	0	0	0	0.0519	0.1068	0.0352	0	0.114	0.0352	0.0563	0.0642	0.101	0.03	0.0812	0.0639	0.0861	0.0803	0.0375	0.0753	0	0.1003	0.0774	0	0.1446	0.1711	0.1445	0.1828	0	0.4155	0.4492	0.3741	0.3817	0.3736	0.3718	0.3169	0.3911	0.3143	0.3666	0.2275	0.2481	0.2429	0.1853	0.2648	0.0826	0	0.0323	0.0722	0.0708	0.0333	0.1639	0.0796	0.0638	0.0325	0.0926	0.0728	0.0973	0	0.0907	0.0989	0.0499	0.1007	0.0531	0.0557	0	0	0	0	0	2e-04	0.0044	0.0125	0.0254	0.0022	0	0	0	1e-04	0	0.0882	0.0453	0.0286	0.0768	0.0235	0.0678	0	0.1075	0.0515	0.0551	0.122	0.1096	0.1036	0.0954	0.1204	0	0	0	0	0
"406"	"376805"	0	0	0	0	0	0.1173	0.1347	0.0636	0.037	0.1309	0.0782	0.0844	0.0889	0.0343	0.0984	0.1118	0.0924	0.1174	0.0842	0.0721	0.0982	0.0251	0.1418	0.054	0	0.1802	0.1901	0.1898	0.1775	0.1086	0.4906	0.5131	0.3798	0.4009	0.5106	0.3896	0.3419	0.3284	0.3403	0.422	0.2325	0.2659	0.2263	0.3508	0.2118	0.1411	0.0207	0.1528	0.0935	0.1011	0.1723	0.0296	0.1189	0.0805	0.0671	0.0975	0.1282	0.1218	0	0.1221	0.084	0.0994	0.0351	0.0742	0.1012	0	0	0	0	0	0.001	0.009	0.0224	0.001	0.007	0	0	0	4e-04	0	0.0583	0.0862	0.0639	0.0909	0.0554	0.1203	0.0374	0.1032	0.1196	0.0724	0.1246	0.1226	0.1256	0.1608	0.1441	0	0	0	0	0
"407"	"1005944"	0	0	0	0	0	0.062	0.1183	0.0508	0	0	0.0508	0.0707	0.0854	0.1117	0.052	0.1034	0.1002	0.0894	0.0616	0.0526	0.0957	0	0.1072	0.0997	0.1538	0.1703	0.1808	0.1571	0.1981	0.2613	0.4454	0.4577	0.4562	0.3835	0.4807	0.3761	0.3196	0.3977	0.3213	0.362	0.2747	0.2575	0.2087	0.196	0.1956	0.097	0.1506	0.0386	0.0782	0.0719	0.1464	0	0.0994	0.0703	0.0902	0.0925	0.0989	0.0994	0	0.1011	0.1182	0.055	0.114	0.0671	0.0734	0	0	0	0	0	3e-04	0.0124	0.0131	0	0.0025	0	0	0	2e-04	0	0.0383	0.0498	0.0448	0.0828	0.0814	0.0821	0.134	0.1223	0.0736	0.0539	0.1062	0.1299	0.1054	0.0968	0.1347	0	0	0	0	0
"408"	"416169"	0	0	0	0	0	0.1383	0.1458	0.0813	0.1549	0.1789	0.0709	0.0879	0.1014	0.0604	0.1094	0.1488	0.14	0.1592	0.0982	0.1111	0.1279	0.0359	0.0547	0.1372	0.0412	0.22	0.1988	0.2058	0.2304	0.291	0.5264	0.4537	0.4021	0.436	0.5298	0.4004	0.3515	0.3363	0.3779	0.4317	0.2751	0.2802	0.2436	0.2338	0.2308	0.1734	0.0624	0.0645	0.1389	0.0934	0.1844	0.084	0.0994	0.0935	0.1221	0.1235	0.1087	0.0994	0.1769	0.0713	0.1639	0.1189	0.0576	0.1131	0.133	0	0	0	0	0	0.0044	0.0317	0.0161	0.0046	0.0113	1e-04	1e-04	0	0.0016	0	0.1418	0.0949	0.1015	0.0993	0.1172	0.1272	0.1795	0.1698	0.1028	0.093	0.1274	0.1524	0.1578	0.1756	0.1462	0	0	0	0	0
"409"	"215580"	0	0	0	0	0	0.0141	0.0156	0.0189	0.0845	0.0768	0.0207	0	0	0.0811	0.0869	0	0.0406	0	0.0182	0.071	0.0241	0.0868	0	0	0	0	0	0.16	0	0.2206	0.3586	0.3514	0.3207	0.5116	0.3225	0.3116	0.2918	0.3426	0.2886	0.2948	0.2309	0.1977	0.1634	0.1683	0.181	0	0	0.0753	0.0546	0.0324	0.0678	0.1256	0.0386	0	0	0.0252	0	0	0.0805	0.0324	0.0207	0.0126	0	0	0	0	0	0	0	0	5e-04	0	0	0.0136	0	0	0	0	0	0	0	0.0248	0	0	0	0	0.0621	0.0575	0	0.027	0.0897	0.1122	0.1057	0.143	0.102	0	0	0	0	0
"410"	"172043"	0	0	0	0	0	0.1568	0.166	0.1129	0.1053	0.1021	0.1062	0.1322	0.1789	0.1019	0.1427	0.1734	0.1528	0.2497	0.1429	0.1268	0.1963	0.0952	0.2087	0.1706	0.0932	0.2451	0.2976	0.2534	0.2166	0.2511	0.5234	0.5228	0.4451	0.6123	0.4402	0.429	0.4091	0.3888	0.4074	0.4748	0.3008	0.3061	0.3573	0.27	0.346	0.2398	0.0989	0.1776	0.1257	0.1239	0.1411	0.1345	0.1776	0.1389	0.1239	0.1756	0.1506	0.1682	0.2383	0.0934	0.1506	0.1583	0.23	0.112	0.2045	0	0	0	0	0	0.0033	0.0503	0.0209	0.015	0.0225	1e-04	4e-04	2e-04	8e-04	1e-04	0.1594	0.1343	0.1405	0.1401	0.1708	0.2129	0.124	0.1424	0.1433	0.1318	0.1603	0.1944	0.1813	0.2077	0.1859	0	0	0	0	0
"411"	"293"	0	0	0	0	0	0.0437	0.0817	0.0288	0.0865	0.1009	0.0379	0.0264	0.0479	0	0	0.0547	0.0256	0.0293	0.0606	0.0886	0.053	0.0974	0.0814	0.052	0.1456	0.1133	0.1508	0.1693	0	0	0.3731	0.3836	0.4379	0.3378	0.472	0.3285	0.3142	0.2899	0.3069	0.3228	0.2154	0.2434	0.2123	0.2815	0.2387	0.0678	0	0	0.0292	0.0474	0.0975	0	0.0342	0.0546	0.069	0.0453	0	0.055	0	0.06	0.0575	0.0323	0	0.025	0.0457	0	0	0	0	0	0	0.0074	0.0035	0	0.0022	0	0	0	0	0	0.0796	0.0465	0.0561	0.0729	0	0.0328	0.1057	0.0906	0.0141	0.0315	0.0987	0.0993	0.1223	0.091	0.1069	0	0	0	0	0
"412"	"588932"	0	0	0	0	0	0.0915	0.0743	0.0413	0.0998	0	0.0413	0.037	0.0592	0	0.1086	0.0701	0.0443	0.0429	0.0589	0	0.0604	0	0.085	0.0328	0	0.1473	0.1672	0.1401	0.1602	0	0.4114	0.3971	0.3716	0.3791	0.3653	0.3509	0.3174	0.3897	0.4206	0.3607	0.219	0.2398	0.2296	0.3117	0.2619	0.0926	0	0.1083	0.0548	0.069	0	0	0.0753	0.0608	0.0294	0.0826	0.0969	0.0488	0.1257	0.0902	0.0969	0.0796	0.0941	0.0459	0.0669	0	0	0	0	0	1e-04	9e-04	0.0053	0.0186	0.0037	0	0	0	0	0	0	0.0384	0.0725	0.0736	0.0735	0.08	0	0.1056	0.0691	0.0442	0.1053	0.1057	0.1337	0.0953	0.1097	0	0	0	0	0
"413"	"735331"	0	0	0	0	0	0.2135	0.1698	0.1507	0.123	0.2457	0.1507	0.1563	0.1723	0.1249	0.1579	0.2117	0.1873	0.139	0.1392	0.1343	0.2186	0.1115	0.1041	0.1297	0.2283	0.2705	0.2755	0.2635	0.2342	0.3252	0.5992	0.57	0.6269	0.6459	0.4602	0.4589	0.4452	0.5441	0.4512	0.5265	0.3309	0.3147	0.3897	0.4777	0.288	0.1723	0.1282	0.1416	0.1751	0.1345	0.1625	0.2177	0.1451	0.1751	0.194	0.2154	0.1925	0.1867	0.2471	0.2301	0.1517	0.1867	0.11	0.2212	0.1692	0	0	0	0	0	0.0051	0.0767	0.0296	0.0202	0.0398	2e-04	4e-04	5e-04	0.002	1e-04	0.1548	0.1847	0.1138	0.1858	0.0974	0.1858	0.2535	0.1665	0.1869	0.1731	0.1679	0.156	0.1896	0.2203	0.2071	0	0	0	0	0
"416"	"172044"	0	0	0	0	0	0	0.0172	0.0192	0	0	0.0288	0	0.0467	0	0	0.0355	0.059	0	0.0403	0	0.0428	0	0.0333	0	0.1357	0.1309	0.1472	0.1692	0	0.2241	0.3681	0.3526	0.4336	0.5333	0.3304	0.3237	0.3078	0.3499	0.3003	0.3027	0.2101	0.2015	0.162	0.2806	0.2329	0.0367	0	0	0.0576	0.025	0.0826	0	0.0499	0.0351	0	0.0281	0.0624	0	0.0941	0.0455	0.0296	0.0342	0	0	0.0242	0	0	0	0	0	0	0	0.0053	0.016	7e-04	0	0	0	0	0	0.0745	0	0	0.0581	0.0678	0.0612	0.0782	0.039	0.0234	0.0165	0.095	0.0909	0.1156	0.1443	0.109	0	0	0	0	0
"422"	"164546"	0	0	0	0	0	0	0	0	0.0519	0.0518	0	0	0	0.0534	0.0758	0	0	0	0	0	0	0	0	0	0.1074	0	0	0	0.1654	0.1627	0.3428	0.4	0.2928	0.3133	0.2985	0.2864	0.2635	0.3128	0.3474	0.2737	0.2169	0.2057	0.1548	0.1547	0.1481	0	0.084	0	0	0	0	0.0969	0	0	0	0	0.0207	0	0.0548	0	0	0	0.0605	0	0	0	0	0	0	0	0	0	0	0	0	0	0	0	1e-04	0	0	0	0	0	0	0	0	0	0	0	0.0777	0.1046	0.0686	0.0775	0.0814	0	0	0	0	0
"423"	"1842727"	0	0	0	0	0	0	0	0	0.0592	0	0	0.0361	0.0332	0.0653	0	0	0	0.0394	0	0	0	0.049	0.0133	0	0.1122	0.0894	0	0	0.1725	0.1865	0.3339	0.4018	0.4138	0.3205	0.2989	0.3074	0.2808	0.3131	0.3567	0.2968	0.1823	0.2256	0.1566	0.2425	0.223	0.0252	0.0865	0.0488	0	0	0.0252	0.0989	0	0	0.0324	0	0	0.0126	0.0605	0	0	0	0	0	0	0	0	0	0	0	0	0.0058	0	0	0	0	0	0	0	0	0.0563	0	0.0111	0	0	0	0	0	0	0	0.0811	0.109	0.0772	0.1114	0.0821	0	0	0	0	0
"424"	"13690"	0	0	0	0	0	0	0	0	0.0361	0.0479	0	0.0287	0	0.0521	0	0	0	0	0	0	0	0	0	0	0	0	0	0	0	0.1521	0.3272	0.343	0.2898	0.3045	0.2948	0.2916	0.2785	0.3085	0.276	0.268	0.1768	0.1651	0.1511	0.1525	0.1398	0	0	0	0	0	0	0.0834	0	0	0	0	0	0	0	0	0	0	0	0	0	0	0	0	0	0	0	0	0	0.0062	0	0	0	0	0	0	0	0	0	0	0	0	0.0355	0	0	0	0.1032	0.0783	0.0944	0.0744	0.0796	0	0	0	0	0
"425"	"964"	0	0	0	0	0	0	0	0	0.0663	0	0	0	0.0398	0.0797	0.0814	0	0	0	0	0	0	0	0	0	0	0	0.0926	0	0	0.201	0.3628	0.3488	0.3157	0.3347	0.3182	0.3108	0.2852	0.3302	0.3624	0.2903	0.1998	0.183	0.1589	0.2707	0.1627	0	0.1252	0.0629	0	0	0.0281	0	0	0	0	0	0	0	0.0751	0	0	0	0	0.0474	0.0339	0	0	0	0	0	3e-04	0	0.0026	0	0	0	0	0	2e-04	0	0	0.0187	0	0	0	0	0.0601	0	0	0	0.1056	0.0891	0.086	0.1196	0.0948	0	0	0	0	0
"426"	"41276"	0	0	0	0	0	0	0	0	0.0287	0.0467	0	0	0	0.0407	0	0	0	0	0	0.041	0	0	0	0.0406	0.0981	0	0	0	0.1599	0.1359	0.3159	0.3345	0.2893	0.3044	0.4456	0.28	0.2751	0.2982	0.3445	0.2666	0.1597	0.1629	0.15	0.1513	0.2172	0	0.0781	0	0	0	0	0.0766	0.0323	0	0	0	0	0	0.054	0	0	0	0.0548	0	0	0	0	0	0	0	0	0.0048	0	0	0	0	0	0	0	0	0.0434	0	0	0	0	0	0	0	0	0	0.0737	0.0774	0.0908	0.0712	0.0734	0	0	0	0	0
"427"	"54571"	0	0	0	0	0	0	0	0	0	0.0332	0	0	0	0	0	0	0	0	0	0	0	0	0	0	0.0667	0	0	0	0	0	0.3087	0.3829	0.2739	0.4556	0.4216	0.2579	0.2613	0.2688	0.253	0.2797	0.2076	0.195	0.1349	0.1406	0.136	0	0	0	0	0	0	0	0	0	0	0	0	0	0.0292	0	0	0	0	0	0	0	0	0	0	0	0	0	0	0.0055	0	0	0	0	0	0	0	0	0	0	0.0347	0	0.0313	0	0	0	0.0627	0.0704	0.0595	0.1029	0.0651	0	0	0	0	0
"428"	"82633"	0	0	0	0	0	0	0	0	0	0.0398	0	0	0	0.0382	0	0	0	0	0	0.0257	0	0	0.0074	0.0331	0.079	0	0	0	0	0	0.3313	0.3957	0.2854	0.4612	0.427	0.2826	0.2672	0.2897	0.3379	0.2655	0.156	0.1986	0.1389	0.2356	0.2144	0	0.0728	0.0342	0	0	0	0.0624	0.0126	0	0	0	0	0	0	0	0	0	0.054	0	0	0	0	0	0	0	0	0.0029	0	0	0	0	0	0	0	0	0.0343	0	0	0	0	0	0	0	0	0	0.1031	0.102	0.0669	0.0706	0.0721	0	0	0	0	0
"429"	"21"	0	0	0	0	0	0	0	0	0	0.057	0	0	0	0.0691	0	0	0	0.0485	0	0	0	0.0663	0	0	0.129	0.0963	0	0.1563	0	0	0.3582	0.4101	0.3052	0.3258	0.3104	0.2938	0.2803	0.2741	0.2829	0.3061	0.1896	0.1811	0.1598	0.2649	0.1526	0	0.1207	0	0	0	0	0	0	0.0292	0	0	0	0	0	0	0	0	0.0751	0.0455	0	0	0	0	0	0	3e-04	0	0	0.0121	3e-04	0	0	0	1e-04	0	0	0	0.0431	0.0423	0	0	0.0469	0	0	0	0.0819	0.0891	0.0789	0.1146	0.0908	0	0	0	0	0
"432"	"2066"	0	0	0	0	0	0	0	0	0	0	0	0	0	0	0.0349	0	0	0	0	0	0	0	0	0	0.042	0	0	0	0	0	0.3075	0.3672	0.2634	0.4023	0.4043	0.252	0.2331	0.2652	0.2408	0.228	0.1799	0.1455	0.118	0.1262	0.1228	0	0	0	0	0	0	0	0	0	0	0	0	0	0	0	0	0	0	0	0	0	0	0	0	0	0	0	0	0.003	0	0	0	0	0	0	0	0	0	0	0	0	0	0	0	0	0.0595	0.06	0.0832	0.0609	0.0963	0	0	0	0	0
"433"	"1165689"	0	0	0	0	0	0	0	0	0	0	0	0	0	0	0.065	0	0	0	0	0	0	0	0	0	0	0	0	0	0	0	0.3136	0.3111	0.3815	0.4165	0.4116	0.2556	0.235	0.2617	0.2455	0.2658	0.1836	0.1707	0.1357	0.2051	0.1905	0	0	0	0	0	0	0	0	0	0	0	0	0	0	0	0	0	0	0	0	0	0	0	0	0	0	0	0	0	0	0	0	0	0	0	0	0	0	0	0.026	0	0	0	0	0	0.0596	0.0898	0.0884	0.0631	0.0615	0	0	0	0	0
"434"	"1505087"	0	0	0	0	0	0	0	0	0	0	0	0	0	0	0	0	0	0.0439	0	0.0541	0	0	0	0	0	0	0	0.1402	0.1733	0.1957	0.334	0.3454	0.2979	0.3244	0.4586	0.311	0.2692	0.328	0.3617	0.2881	0.2206	0.2385	0.1554	0.2588	0.2325	0.0281	0.1087	0.0512	0	0	0	0.1182	0	0	0.0455	0	0.0242	0	0.0638	0	0	0	0.0638	0.0324	0	0	0	0	0	0	2e-04	0	6e-04	0	0	0	0	0	0	0	0.0633	0	0.0256	0	0	0.043	0	0	0	0	0.1047	0.0813	0.0994	0.0798	0.0907	0	0	0	0	0
"436"	"28447"	0	0	0	0	0	0	0	0	0	0	0	0	0	0	0	0	0	0	0	0.0157	0	0.0391	0	0	0.075	0	0	0	0.1471	0	0.3158	0.3849	0.4109	0.2882	0.2839	0.2754	0.2621	0.2869	0.2642	0.2525	0.2147	0.1559	0.1443	0.1471	0.2107	0	0.0575	0	0	0	0	0	0	0	0	0	0	0	0.035	0	0	0	0.035	0	0	0	0	0	0	0	0	0	0	0	0	0	0	0	0	0	0.0155	0	0	0	0	0	0	0	0	0	0.0677	0.0733	0.0634	0.0669	0.0696	0	0	0	0	0
"439"	"37326"	0	0	0	0	0	0	0	0	0	0	0	0	0	0	0	0	0	0	0	0	0	0.0346	0	0.0275	0	0	0	0	0	0	0.317	0.3293	0.2766	0.2826	0.2747	0.2593	0.2524	0.2841	0.2574	0.2419	0.208	0.1969	0.1411	0.1454	0.1975	0	0	0	0	0	0	0.0343	0	0	0	0	0	0	0	0	0	0	0	0	0	0	0	0	0	0	0	0	0	0	0	0	0	0	0	0	0	0	0	0	0.039	0	0	0	0	0	0.0671	0.0955	0.0604	0.0663	0.1085	0	0	0	0	0
"440"	"108015"	0	0	0	0	0	0	0	0	0	0	0	0	0	0	0	0	0	0	0	0	0	0.0241	0	0	0.0536	0	0	0	0	0	0.2982	0.3277	0.392	0.4398	0.2664	0.2531	0.2361	0.2659	0.248	0.2732	0.1505	0.146	0.1255	0.2312	0.123	0	0	0	0	0	0	0.0207	0	0	0	0	0	0	0	0	0	0	0	0	0	0	0	0	0	0	0	0	0	0.004	0	0	0	0	0	0	0	0	0	0	0	0	0.0233	0	0	0	0.0983	0.063	0.0884	0.0637	0.0623	0	0	0	0	0
"441"	"47229"	0	0	0	0	0	0	0	0	0	0	0	0	0	0	0	0	0	0	0	0	0	0.0277	0	0	0.058	0	0	0	0	0	0.3067	0.3716	0.4015	0.2677	0.2685	0.2698	0.2589	0.2692	0.3305	0.232	0.2002	0.19	0.13	0.1389	0.1342	0	0	0	0	0	0	0.0242	0	0	0	0	0	0	0	0	0	0	0.0292	0	0	0	0	0	0	0	0	0	0	0	0	0	0	0	0	0	0	0	0	0	0	0	0	0	0	0	0.06	0.0647	0.0561	0.1019	0.1053	0	0	0	0	0
"442"	"445220"	0	0	0	0	0	0	0	0	0	0	0	0	0	0	0	0	0	0	0	0	0	0.0382	0	0.0313	0	0	0	0	0.1309	0	0.3216	0.3329	0.2793	0.2876	0.2797	0.2722	0.2561	0.2706	0.2624	0.2913	0.2121	0.1515	0.1358	0.2335	0.1388	0	0.0296	0	0	0	0	0	0	0	0	0	0	0	0	0	0	0	0	0	0	0	0	0	0	0	0	0	0	0	0	0	0	0	0	0	0	0	0	0	0.0521	0	0	0	0	0	0.1006	0.0975	0.061	0.108	0.0656	0	0	0	0	0
"593"	"326475"	0	0	0	0	0	0	0	0	0	0	0	0	0	0	0	0	0	0	0	0	0	0	0	0	0	0	0	0	0	0	0.1465	0.1826	0.1169	0.1891	0.1415	0.0751	0.0973	0.066	0.0735	0.0666	0	0	0	0	0	0	0	0	0	0	0	0	0	0	0	0	0	0	0	0	0	0	0	0	0	0	0	0	0	0	0	0	0	0	0	0	0	0	0	0	0	0	0	0	0	0	0	0	0	0	0	0	0	0	0	0	0	0	0	0
"594"	"871742"	0	0	0	0	0	0	0	0	0	0	0	0	0	0	0	0	0	0	0	0	0	0	0	0	0	0	0	0	0	0	0.0769	0.0643	0.0927	0.0858	0.088	0	0	0	0	0	0	0	0	0	0	0	0	0	0	0	0	0	0	0	0	0	0	0	0	0	0	0	0	0	0	0	0	0	0	0	0	0	0	0	0	0	0	0	0	0	0	0	0	0	0	0	0	0	0	0	0	0	0	0	0	0	0	0	0	0
"595"	"119219"	0	0	0	0	0	0	0	0	0	0	0	0	0	0	0	0	0	0	0	0	0	0	0	0	0	0	0	0	0	0	0.1095	0.1285	0.1239	0.1259	0.1006	0	0.0556	0	0.0535	0.0496	0	0	0	0	0	0	0	0	0	0	0	0	0	0	0	0	0	0	0	0	0	0	0	0	0	0	0	0	0	0	0	0	0	0	0	0	0	0	0	0	0	0	0	0	0	0	0	0	0	0	0	0	0	0	0	0	0	0	0	0
"596"	"39645"	0	0	0	0	0	0	0	0	0	0	0	0	0	0	0	0	0	0	0	0	0	0	0	0	0	0	0	0	0	0	0.0351	0	0.0564	0.0419	0.0424	0	0	0	0	0	0	0	0	0	0	0	0	0	0	0	0	0	0	0	0	0	0	0	0	0	0	0	0	0	0	0	0	0	0	0	0	0	0	0	0	0	0	0	0	0	0	0	0	0	0	0	0	0	0	0	0	0	0	0	0	0	0	0	0	0
"597"	"1411117"	0	0	0	0	0	0	0	0	0	0	0	0	0	0	0	0	0	0	0	0	0	0	0	0	0	0	0	0	0	0	0.0364	0	0	0.0252	0.0395	0	0	0	0	0	0	0	0	0	0	0	0	0	0	0	0	0	0	0	0	0	0	0	0	0	0	0	0	0	0	0	0	0	0	0	0	0	0	0	0	0	0	0	0	0	0	0	0	0	0	0	0	0	0	0	0	0	0	0	0	0	0	0	0	0
"598"	"32002"	0	0	0	0	0	0	0	0	0	0	0	0	0	0	0	0	0	0	0	0	0	0	0	0	0	0	0	0	0	0	0.0264	0	0	0.0364	0.0335	0	0	0	0	0	0	0	0	0	0	0	0	0	0	0	0	0	0	0	0	0	0	0	0	0	0	0	0	0	0	0	0	0	0	0	0	0	0	0	0	0	0	0	0	0	0	0	0	0	0	0	0	0	0	0	0	0	0	0	0	0	0	0	0	0
"599"	"2027860"	0	0	0	0	0	0	0	0	0	0	0	0	0	0	0	0	0	0	0	0	0	0	0	0	0	0	0	0	0	0	0.1902	0.2578	0.2309	0.2443	0.1956	0.1491	0.1339	0.1886	0.1279	0.1172	0.0421	0.0414	0	0.0657	0.0746	0	0	0	0	0	0	0	0	0	0	0	0	0	0	0	0	0	0	0	0	0	0	0	0	0	0	0	0	0	0	0	0	0	0	0	0	0	0	0	0	0	0	0	0	0	0.0214	0.0065	0	0.0452	0.0316	0	0	0	0	0
"600"	"397260"	0	0	0	0	0	0	0	0	0	0	0	0	0	0	0	0	0	0	0	0	0	0	0	0	0	0	0	0	0	0	0.1391	0.1486	0.1922	0.1291	0.1604	0.1049	0.0903	0.1404	0.113	0.0983	0	0	0	0	0.0172	0	0	0	0	0	0	0	0	0	0	0	0	0	0	0	0	0	0	0	0	0	0	0	0	0	0	0	0	0	0	0	0	0	0	0	0	0	0	0	0	0	0	0	0	0	0	0	0	0	0	0	0	0	0	0
"601"	"171437"	0	0	0	0	0	0	0	0	0	0	0	0	0	0	0	0	0	0	0	0	0	0	0	0	0	0	0	0	0	0	0.1209	0.1702	0.111	0.109	0.1365	0.0504	0.0697	0.0511	0.0673	0.0847	0	0	0	0	0	0	0	0	0	0	0	0	0	0	0	0	0	0	0	0	0	0	0	0	0	0	0	0	0	0	0	0	0	0	0	0	0	0	0	0	0	0	0	0	0	0	0	0	0	0	0	0	0	0	0	0	0	0	0	0
"602"	"180282"	0	0	0	0	0	0	0	0	0	0	0	0	0	0	0	0	0	0	0	0	0	0	0	0	0	0	0	0	0	0	0.2187	0.2937	0.1944	0.2887	0.271	0.1864	0.1701	0.1736	0.1726	0.1613	0.0963	0.0632	0.0572	0.0601	0.0294	0	0	0	0	0	0	0	0	0	0	0	0	0	0	0	0	0	0	0	0	0	0	0	0	0	0	0	0	0	0	0	0	0	0	0	0	0	0	0	0	0	0	0	0	0	0.0461	0.0477	0.0414	0.0645	0.0553	0	0	0	0	0
"603"	"73044"	0	0	0	0	0	0	0	0	0	0	0	0	0	0	0	0	0	0	0	0	0	0	0	0	0	0	0	0	0	0	0.1323	0.1558	0.096	0.1029	0.1154	0.074	0.0763	0.0414	0.0732	0.065	0	0	0	0	0	0	0	0	0	0	0	0	0	0	0	0	0	0	0	0	0	0	0	0	0	0	0	0	0	0	0	0	0	0	0	0	0	0	0	0	0	0	0	0	0	0	0	0	0	0	0	0	0	0	0	0	0	0	0	0
"604"	"270368"	0	0	0	0	0	0	0	0	0	0	0	0	0	0	0	0	0	0	0	0	0	0	0	0	0	0	0	0	0	0	0.2782	0.2914	0.2186	0.2472	0.3608	0.2339	0.2137	0.223	0.289	0.2157	0.1265	0.1348	0.1147	0.1782	0.0967	0	0	0	0	0	0	0	0	0	0	0	0	0	0	0	0	0	0	0	0	0	0	0	0	0	0	0	0	0	0	0	0	0	0	0	0	0	0	0	0	0	0	0	0	0	0.0507	0.0486	0.0464	0.0464	0.0819	0	0	0	0	0
"605"	"87883"	0	0	0	0	0	0	0	0	0	0	0	0	0	0	0	0	0	0	0	0	0	0	0	0	0	0	0	0	0	0	0.1376	0.1146	0.1624	0.1679	0.1245	0.0763	0.0621	0.0774	0.0493	0.0681	0	0	0	0	0	0	0	0	0	0	0	0	0	0	0	0	0	0	0	0	0	0	0	0	0	0	0	0	0	0	0	0	0	0	0	0	0	0	0	0	0	0	0	0	0	0	0	0	0	0	0	0	0	0	0	0	0	0	0	0
"606"	"39687"	0	0	0	0	0	0	0	0	0	0	0	0	0	0	0	0	0	0	0	0	0	0	0	0	0	0	0	0	0	0	0.1009	0.0962	0.077	0.0722	0.126	0	0.0352	0.027	0.0322	0	0	0	0	0	0	0	0	0	0	0	0	0	0	0	0	0	0	0	0	0	0	0	0	0	0	0	0	0	0	0	0	0	0	0	0	0	0	0	0	0	0	0	0	0	0	0	0	0	0	0	0	0	0	0	0	0	0	0	0	0
"607"	"1547922"	0	0	0	0	0	0	0	0	0	0	0	0	0	0	0	0	0	0	0	0	0	0	0	0	0	0	0	0	0	0	0.0466	0.0328	0.0757	0.0516	0.0511	0	0	0	0	0	0	0	0	0	0	0	0	0	0	0	0	0	0	0	0	0	0	0	0	0	0	0	0	0	0	0	0	0	0	0	0	0	0	0	0	0	0	0	0	0	0	0	0	0	0	0	0	0	0	0	0	0	0	0	0	0	0	0	0	0
"608"	"652787"	0	0	0	0	0	0	0	0	0	0	0	0	0	0	0	0	0	0	0	0	0	0	0	0	0	0	0	0	0	0	0.1444	0.1525	0.1327	0.2006	0.1663	0.0917	0.0962	0.1468	0.0823	0.0836	0	0	0	0	0.0542	0	0	0	0	0	0	0	0	0	0	0	0	0	0	0	0	0	0	0	0	0	0	0	0	0	0	0	0	0	0	0	0	0	0	0	0	0	0	0	0	0	0	0	0	0	0	0	0	0	0	0	0	0	0	0
"609"	"670293"	0	0	0	0	0	0	0	0	0	0	0	0	0	0	0	0	0	0	0	0	0	0	0	0	0	0	0	0	0	0	0.0786	0.1055	0.102	0.0862	0.0772	0	0	0	0	0	0	0	0	0	0	0	0	0	0	0	0	0	0	0	0	0	0	0	0	0	0	0	0	0	0	0	0	0	0	0	0	0	0	0	0	0	0	0	0	0	0	0	0	0	0	0	0	0	0	0	0	0	0	0	0	0	0	0	0	0
"610"	"2602016"	0	0	0	0	0	0	0	0	0	0	0	0	0	0	0	0	0	0	0	0	0	0	0	0	0	0	0	0	0	0	0.0623	0.1008	0.0909	0.0764	0.071	0	0	0	0	0	0	0	0	0	0	0	0	0	0	0	0	0	0	0	0	0	0	0	0	0	0	0	0	0	0	0	0	0	0	0	0	0	0	0	0	0	0	0	0	0	0	0	0	0	0	0	0	0	0	0	0	0	0	0	0	0	0	0	0	0
"611"	"94"	0	0	0	0	0	0	0	0	0	0	0	0	0	0	0	0	0	0	0	0	0	0	0	0	0	0	0	0	0	0	0.0965	0.1308	0.1246	0.1275	0.1369	0	0.059	0	0.0623	0	0	0	0	0	0	0	0	0	0	0	0	0	0	0	0	0	0	0	0	0	0	0	0	0	0	0	0	0	0	0	0	0	0	0	0	0	0	0	0	0	0	0	0	0	0	0	0	0	0	0	0	0	0	0	0	0	0	0	0	0
"612"	"304"	0	0	0	0	0	0	0	0	0	0	0	0	0	0	0	0	0	0	0	0	0	0	0	0	0	0	0	0	0	0	0.2732	0.2868	0.3708	0.2455	0.2419	0.2338	0.2114	0.248	0.2846	0.1918	0.1415	0.1192	0.1078	0.1774	0.0953	0	0	0	0	0	0	0	0	0	0	0	0	0	0	0	0	0	0	0	0	0	0	0	0	0	0	0	0	0	0	0	0	0	0	0	0	0	0	0	0	0	0	0	0	0	0.0629	0.0722	0.0459	0.0424	0.0493	0	0	0	0	0
"613"	"2045"	0	0	0	0	0	0	0	0	0	0	0	0	0	0	0	0	0	0	0	0	0	0	0	0	0	0	0	0	0	0	0.2183	0.2888	0.2861	0.2885	0.2666	0.1873	0.1631	0.1733	0.1578	0.1605	0.0778	0.0586	0.0878	0.1042	0.0226	0	0	0	0	0	0	0	0	0	0	0	0	0	0	0	0	0	0	0	0	0	0	0	0	0	0	0	0	0	0	0	0	0	0	0	0	0	0	0	0	0	0	0	0	0	0.0438	0.0434	0.0397	0.0616	0.0271	0	0	0	0	0
"614"	"285"	0	0	0	0	0	0	0	0	0	0	0	0	0	0	0	0	0	0	0	0	0	0	0	0	0	0	0	0	0	0	0.1233	0.1824	0.1155	0.1872	0.1393	0.0697	0.0924	0.0965	0.0718	0.0868	0	0	0	0	0	0	0	0	0	0	0	0	0	0	0	0	0	0	0	0	0	0	0	0	0	0	0	0	0	0	0	0	0	0	0	0	0	0	0	0	0	0	0	0	0	0	0	0	0	0	0	0	0	0	0	0	0	0	0	0
"615"	"80867"	0	0	0	0	0	0	0	0	0	0	0	0	0	0	0	0	0	0	0	0	0	0	0	0	0	0	0	0	0	0	0.1963	0.2617	0.173	0.2461	0.202	0.1586	0.1393	0.1415	0.1352	0.1217	0.0634	0.0494	0.0635	0.0696	0.0783	0	0	0	0	0	0	0	0	0	0	0	0	0	0	0	0	0	0	0	0	0	0	0	0	0	0	0	0	0	0	0	0	0	0	0	0	0	0	0	0	0	0	0	0	0	0.0283	0.0275	0.0287	0	0.0322	0	0	0	0	0
"616"	"358"	0	0	0	0	0	0	0	0	0	0	0	0	0	0	0	0	0	0	0	0	0	0	0	0	0	0	0	0	0	0	0.152	0.16	0.1353	0.1517	0.1858	0.1046	0.1092	0.0793	0.1393	0.0908	0	0	0	0	0	0	0	0	0	0	0	0	0	0	0	0	0	0	0	0	0	0	0	0	0	0	0	0	0	0	0	0	0	0	0	0	0	0	0	0	0	0	0	0	0	0	0	0	0	0	0	0	0	0	0	0	0	0	0	0
"617"	"92645"	0	0	0	0	0	0	0	0	0	0	0	0	0	0	0	0	0	0	0	0	0	0	0	0	0	0	0	0	0	0	0.059	0.0521	0.0504	0.0699	0.0709	0	0	0	0	0	0	0	0	0	0	0	0	0	0	0	0	0	0	0	0	0	0	0	0	0	0	0	0	0	0	0	0	0	0	0	0	0	0	0	0	0	0	0	0	0	0	0	0	0	0	0	0	0	0	0	0	0	0	0	0	0	0	0	0	0
"618"	"93220"	0	0	0	0	0	0	0	0	0	0	0	0	0	0	0	0	0	0	0	0	0	0	0	0	0	0	0	0	0	0	0.214	0.284	0.2786	0.2872	0.2182	0.1802	0.1576	0.2066	0.2405	0.1531	0.0804	0.0932	0.086	0.0595	0.1223	0	0	0	0	0	0	0	0	0	0	0	0	0	0	0	0	0	0	0	0	0	0	0	0	0	0	0	0	0	0	0	0	0	0	0	0	0	0	0	0	0	0	0	0	0	0.0434	0.0233	0.039	0.0609	0.0235	0	0	0	0	0
"619"	"1780"	0	0	0	0	0	0	0	0	0	0	0	0	0	0	0	0	0	0	0	0	0	0	0	0	0	0	0	0	0	0	0.1073	0.0988	0.0845	0.0787	0.1002	0	0	0	0.0533	0	0	0	0	0	0	0	0	0	0	0	0	0	0	0	0	0	0	0	0	0	0	0	0	0	0	0	0	0	0	0	0	0	0	0	0	0	0	0	0	0	0	0	0	0	0	0	0	0	0	0	0	0	0	0	0	0	0	0	0	0
"620"	"1045774"	0	0	0	0	0	0	0	0	0	0	0	0	0	0	0	0	0	0	0	0	0	0	0	0	0	0	0	0	0	0	0.2894	0.2995	0.3745	0.3831	0.2476	0.2473	0.2145	0.2464	0.2279	0.2188	0.1745	0.1369	0.1121	0.1049	0.173	0	0	0	0	0	0	0	0	0	0	0	0	0	0	0	0	0	0	0	0	0	0	0	0	0	0	0	0	0.001	0	0	0	0	0	0	0	0	0	0	0	0	0	0	0	0	0.0538	0.0509	0.0631	0.0502	0.0552	0	0	0	0	0
"621"	"65656"	0	0	0	0	0	0	0	0	0	0	0	0	0	0	0	0	0	0	0	0	0	0	0	0	0	0	0	0	0	0	0.1781	0.1739	0.1576	0.1668	0.1721	0.1333	0.1078	0.0883	0.1514	0.1158	0	0	0	0	0.0663	0	0	0	0	0	0	0	0	0	0	0	0	0	0	0	0	0	0	0	0	0	0	0	0	0	0	0	0	0	0	0	0	0	0	0	0	0	0	0	0	0	0	0	0	0	0	0	0	0.0258	0.0069	0	0	0	0	0
"622"	"346179"	0	0	0	0	0	0	0	0	0	0	0	0	0	0	0	0	0	0	0	0	0	0	0	0	0	0	0	0	0	0	0.1956	0.1928	0.2163	0.1791	0.2205	0.1402	0.1249	0.1766	0.1779	0.1256	0.038	0	0	0	0	0	0	0	0	0	0	0	0	0	0	0	0	0	0	0	0	0	0	0	0	0	0	0	0	0	0	0	0	0	0	0	0	0	0	0	0	0	0	0	0	0	0	0	0	0	0.0139	0	0.0182	0	0	0	0	0	0	0
"623"	"56454"	0	0	0	0	0	0	0	0	0	0	0	0	0	0	0	0	0	0	0	0	0	0	0	0	0	0	0	0	0	0	0.134	0.1375	0.1775	0.1277	0.1485	0.0962	0.0847	0.0676	0.1021	0.07	0	0	0	0	0	0	0	0	0	0	0	0	0	0	0	0	0	0	0	0	0	0	0	0	0	0	0	0	0	0	0	0	0	0	0	0	0	0	0	0	0	0	0	0	0	0	0	0	0	0	0	0	0	0	0	0	0	0	0	0
"624"	"1609977"	0	0	0	0	0	0	0	0	0	0	0	0	0	0	0	0	0	0	0	0	0	0	0	0	0	0	0	0	0	0	0.1989	0.2659	0.2475	0.1928	0.212	0.1536	0.1424	0.1998	0.1365	0.1335	0.0641	0.0566	0.0692	0.0808	0.0891	0	0	0	0	0	0	0	0	0	0	0	0	0	0	0	0	0	0	0	0	0	0	0	0	0	0	0	0	0	0	0	0	0	0	0	0	0	0	0	0	0	0	0	0	0	0.0313	0.0148	0.0089	0	0.0381	0	0	0	0	0
"625"	"477641"	0	0	0	0	0	0	0	0	0	0	0	0	0	0	0	0	0	0	0	0	0	0	0	0	0	0	0	0	0	0	0.2047	0.2242	0.2738	0.2115	0.2174	0.1736	0.1544	0.1646	0.1572	0.1487	0.0742	0.0527	0.0759	0.0457	0	0	0	0	0	0	0	0	0	0	0	0	0	0	0	0	0	0	0	0	0	0	0	0	0	0	0	0	0	0	0	0	0	0	0	0	0	0	0	0	0	0	0	0	0	0	0.0405	0.0351	0.0174	0.0119	0.0514	0	0	0	0	0
"626"	"1097667"	0	0	0	0	0	0	0	0	0	0	0	0	0	0	0	0	0	0	0	0	0	0	0	0	0	0	0	0	0	0	0.2007	0.2059	0.175	0.251	0.2316	0.1612	0.1482	0.1417	0.1937	0.123	0.0457	0.0252	0	0	0	0	0	0	0	0	0	0	0	0	0	0	0	0	0	0	0	0	0	0	0	0	0	0	0	0	0	0	0	0	0	0	0	0	0	0	0	0	0	0	0	0	0	0	0	0	0.0211	0.0069	0.0288	0.0467	0.0348	0	0	0	0	0
"627"	"53376"	0	0	0	0	0	0	0	0	0	0	0	0	0	0	0	0	0	0	0	0	0	0	0	0	0	0	0	0	0	0	0.1298	0.1514	0.1458	0.1419	0.1522	0.0513	0.0696	0.0608	0.0429	0.0544	0	0	0	0	0	0	0	0	0	0	0	0	0	0	0	0	0	0	0	0	0	0	0	0	0	0	0	0	0	0	0	0	0	0	0	0	0	0	0	0	0	0	0	0	0	0	0	0	0	0	0	0	0	0	0	0	0	0	0	0
"628"	"161493"	0	0	0	0	0	0	0	0	0	0	0	0	0	0	0	0	0	0	0	0	0	0	0	0	0	0	0	0	0	0	0.0396	0.0719	0.0671	0.0468	0.0437	0	0	0	0	0	0	0	0	0	0	0	0	0	0	0	0	0	0	0	0	0	0	0	0	0	0	0	0	0	0	0	0	0	0	0	0	0	0	0	0	0	0	0	0	0	0	0	0	0	0	0	0	0	0	0	0	0	0	0	0	0	0	0	0	0
"629"	"912"	0	0	0	0	0	0	0	0	0	0	0	0	0	0	0	0	0	0	0	0	0	0	0	0	0	0	0	0	0	0	0.0308	0	0.0594	0.0445	0.0385	0	0	0	0	0	0	0	0	0	0	0	0	0	0	0	0	0	0	0	0	0	0	0	0	0	0	0	0	0	0	0	0	0	0	0	0	0	0	0	0	0	0	0	0	0	0	0	0	0	0	0	0	0	0	0	0	0	0	0	0	0	0	0	0	0
"630"	"2763498"	0	0	0	0	0	0	0	0	0	0	0	0	0	0	0	0	0	0	0	0	0	0	0	0	0	0	0	0	0	0	0.1645	0.234	0.1652	0.1769	0.1796	0.1237	0.1191	0.1024	0.1085	0.1079	0	0	0	0	0	0	0	0	0	0	0	0	0	0	0	0	0	0	0	0	0	0	0	0	0	0	0	0	0	0	0	0	0	0	0	0	0	0	0	0	0	0	0	0	0	0	0	0	0	0	0	0.0046	0	0	0	0	0	0	0	0
"631"	"1288495"	0	0	0	0	0	0	0	0	0	0	0	0	0	0	0	0	0	0	0	0	0	0	0	0	0	0	0	0	0	0	0.0382	0.0625	0	0.0306	0.044	0	0	0	0	0	0	0	0	0	0	0	0	0	0	0	0	0	0	0	0	0	0	0	0	0	0	0	0	0	0	0	0	0	0	0	0	0	0	0	0	0	0	0	0	0	0	0	0	0	0	0	0	0	0	0	0	0	0	0	0	0	0	0	0	0
"632"	"339"	0	0	0	0	0	0	0	0	0	0	0	0	0	0	0	0	0	0	0	0	0	0	0	0	0	0	0	0	0	0	0.2019	0.2128	0.2416	0.2556	0.2091	0.1699	0.1349	0.1963	0.2073	0.1286	0.0534	0.0395	0.0267	0.0232	0.088	0	0	0	0	0	0	0	0	0	0	0	0	0	0	0	0	0	0	0	0	0	0	0	0	0	0	0	0	0	0	0	0	0	0	0	0	0	0	0	0	0	0	0	0	0	0.0267	0.0101	0	0.0487	0	0	0	0	0	0
"633"	"93064"	0	0	0	0	0	0	0	0	0	0	0	0	0	0	0	0	0	0	0	0	0	0	0	0	0	0	0	0	0	0	0.2356	0.2557	0.3071	0.3313	0.3151	0.2109	0.1884	0.2024	0.186	0.1723	0.1046	0.0948	0.0749	0.1367	0.0667	0	0	0	0	0	0	0	0	0	0	0	0	0	0	0	0	0	0	0	0	0	0	0	0	0	0	0	0	0	0	0	0	0	0	0	0	0	0	0	0	0	0	0	0	0	0.0543	0.0326	0.0352	0.0781	0.0628	0	0	0	0	0
"634"	"591198"	0	0	0	0	0	0	0	0	0	0	0	0	0	0	0	0	0	0	0	0	0	0	0	0	0	0	0	0	0	0	0.0756	0.0712	0.0606	0.0553	0.0804	0	0	0	0	0	0	0	0	0	0	0	0	0	0	0	0	0	0	0	0	0	0	0	0	0	0	0	0	0	0	0	0	0	0	0	0	0	0	0	0	0	0	0	0	0	0	0	0	0	0	0	0	0	0	0	0	0	0	0	0	0	0	0	0	0
"635"	"1379159"	0	0	0	0	0	0	0	0	0	0	0	0	0	0	0	0	0	0	0	0	0	0	0	0	0	0	0	0	0	0	0.2021	0.2699	0.1867	0.1935	0.2124	0.1776	0.1492	0.1561	0.1457	0.1412	0.0702	0.0635	0.0373	0.0827	0.096	0	0	0	0	0	0	0	0	0	0	0	0	0	0	0	0	0	0	0	0	0	0	0	0	0	0	0	0	0	0	0	0	0	0	0	0	0	0	0	0	0	0	0	0	0	0.0331	0.0319	0.0109	0	0	0	0	0	0	0
"636"	"690879"	0	0	0	0	0	0	0	0	0	0	0	0	0	0	0	0	0	0	0	0	0	0	0	0	0	0	0	0	0	0	0.0782	0.1039	0.0574	0.0534	0.0771	0	0	0	0	0	0	0	0	0	0	0	0	0	0	0	0	0	0	0	0	0	0	0	0	0	0	0	0	0	0	0	0	0	0	0	0	0	0	0	0	0	0	0	0	0	0	0	0	0	0	0	0	0	0	0	0	0	0	0	0	0	0	0	0	0
"637"	"47994"	0	0	0	0	0	0	0	0	0	0	0	0	0	0	0	0	0	0	0	0	0	0	0	0	0	0	0	0	0	0	0.2627	0.2839	0.2158	0.2443	0.3607	0.2299	0.2102	0.242	0.2199	0.2134	0.1365	0.1241	0.1107	0.0908	0.0929	0	0	0	0	0	0	0	0	0	0	0	0	0	0	0	0	0	0	0	0	0	0	0	0	0	0	0	0	0	0	0	0	0	0	0	0	0	0	0	0	0	0	0	0	0	0.0601	0.0457	0.0451	0.0394	0.0806	0	0	0	0	0
"638"	"1643322"	0	0	0	0	0	0	0	0	0	0	0	0	0	0	0	0	0	0	0	0	0	0	0	0	0	0	0	0	0	0	0.0428	0.0797	0.0236	0.0481	0.0483	0	0	0	0	0	0	0	0	0	0	0	0	0	0	0	0	0	0	0	0	0	0	0	0	0	0	0	0	0	0	0	0	0	0	0	0	0	0	0	0	0	0	0	0	0	0	0	0	0	0	0	0	0	0	0	0	0	0	0	0	0	0	0	0	0
"639"	"402596"	0	0	0	0	0	0	0	0	0	0	0	0	0	0	0	0	0	0	0	0	0	0	0	0	0	0	0	0	0	0	0.1052	0.0979	0.0809	0.1232	0.0939	0	0	0	0	0	0	0	0	0	0	0	0	0	0	0	0	0	0	0	0	0	0	0	0	0	0	0	0	0	0	0	0	0	0	0	0	0	0	0	0	0	0	0	0	0	0	0	0	0	0	0	0	0	0	0	0	0	0	0	0	0	0	0	0	0
"640"	"267128"	0	0	0	0	0	0	0	0	0	0	0	0	0	0	0	0	0	0	0	0	0	0	0	0	0	0	0	0	0	0	0.0267	0.0589	0.0557	0.0156	0.0334	0	0	0	0	0	0	0	0	0	0	0	0	0	0	0	0	0	0	0	0	0	0	0	0	0	0	0	0	0	0	0	0	0	0	0	0	0	0	0	0	0	0	0	0	0	0	0	0	0	0	0	0	0	0	0	0	0	0	0	0	0	0	0	0	0
"641"	"2716225"	0	0	0	0	0	0	0	0	0	0	0	0	0	0	0	0	0	0	0	0	0	0	0	0	0	0	0	0	0	0	0.1849	0.23	0.1611	0.1721	0.2156	0.1448	0.1212	0.1677	0.1047	0.0993	0	0	0	0.0386	0	0	0	0	0	0	0	0	0	0	0	0	0	0	0	0	0	0	0	0	0	0	0	0	0	0	0	0	0	0	0	0	0	0	0	0	0	0	0	0	0	0	0	0	0	0	0	0	0	0.0318	0.0141	0	0	0	0	0
"642"	"316"	0	0	0	0	0	0	0	0	0	0	0	0	0	0	0	0	0	0	0	0	0	0	0	0	0	0	0	0	0	0	0.2237	0.3047	0.1982	0.3128	0.2981	0.1934	0.17	0.187	0.1772	0.1627	0.1064	0.0818	0.093	0.0677	0.0544	0	0	0	0	0	0	0	0	0	0	0	0	0	0	0	0	0	0	0	0	0	0	0	0	0	0	0	0	0	0	0	0	0	0	0	0	0	0	0	0	0	0	0	0	0	0.0493	0.0503	0.0321	0.0687	0.0572	0	0	0	0	0
"643"	"138336"	0	0	0	0	0	0	0	0	0	0	0	0	0	0	0	0	0	0	0	0	0	0	0	0	0	0	0	0	0	0	0.1802	0.2239	0.2097	0.2305	0.2127	0.1411	0.1109	0.0934	0.0978	0.1185	0	0.0165	0	0	0.0707	0	0	0	0	0	0	0	0	0	0	0	0	0	0	0	0	0	0	0	0	0	0	0	0	0	0	0	0	0	0	0	0	0	0	0	0	0	0	0	0	0	0	0	0	0	0	0	0.0124	0.0277	0	0	0	0	0	0
"644"	"1005945"	0	0	0	0	0	0	0	0	0	0	0	0	0	0	0	0	0	0	0	0	0	0	0	0	0	0	0	0	0	0	0.1513	0.1554	0.1991	0.2178	0.1855	0.113	0.1084	0.1561	0.1347	0.0871	0	0	0	0	0.0579	0	0	0	0	0	0	0	0	0	0	0	0	0	0	0	0	0	0	0	0	0	0	0	0	0	0	0	0	0	0	0	0	0	0	0	0	0	0	0	0	0	0	0	0	0	0	0	0	0	0	0	0	0	0	0
"645"	"1710"	0	0	0	0	0	0	0	0	0	0	0	0	0	0	0	0	0	0	0	0	0	0	0	0	0	0	0	0	0	0	0.0254	0.0402	0	0.0261	0.0087	0	0	0	0	0	0	0	0	0	0	0	0	0	0	0	0	0	0	0	0	0	0	0	0	0	0	0	0	0	0	0	0	0	0	0	0	0	0	0	0	0	0	0	0	0	0	0	0	0	0	0	0	0	0	0	0	0	0	0	0	0	0	0	0	0
"646"	"1034"	0	0	0	0	0	0	0	0	0	0	0	0	0	0	0	0	0	0	0	0	0	0	0	0	0	0	0	0	0	0	0.0963	0.1263	0.1231	0.0762	0.0922	0	0	0	0	0.0495	0	0	0	0	0	0	0	0	0	0	0	0	0	0	0	0	0	0	0	0	0	0	0	0	0	0	0	0	0	0	0	0	0	0	0	0	0	0	0	0	0	0	0	0	0	0	0	0	0	0	0	0	0	0	0	0	0	0	0	0
"647"	"453304"	0	0	0	0	0	0	0	0	0	0	0	0	0	0	0	0	0	0	0	0	0	0	0	0	0	0	0	0	0	0	0.1014	0.1187	0.0777	0.0751	0.1283	0.0449	0	0.0374	0.0449	0	0	0	0	0	0	0	0	0	0	0	0	0	0	0	0	0	0	0	0	0	0	0	0	0	0	0	0	0	0	0	0	0	0	0	0	0	0	0	0	0	0	0	0	0	0	0	0	0	0	0	0	0	0	0	0	0	0	0	0	0
"648"	"1619308"	0	0	0	0	0	0	0	0	0	0	0	0	0	0	0	0	0	0	0	0	0	0	0	0	0	0	0	0	0	0	0.0401	0.0792	0.0676	0.0361	0.0469	0	0	0	0	0	0	0	0	0	0	0	0	0	0	0	0	0	0	0	0	0	0	0	0	0	0	0	0	0	0	0	0	0	0	0	0	0	0	0	0	0	0	0	0	0	0	0	0	0	0	0	0	0	0	0	0	0	0	0	0	0	0	0	0	0
"649"	"1852"	0	0	0	0	0	0	0	0	0	0	0	0	0	0	0	0	0	0	0	0	0	0	0	0	0	0	0	0	0	0	0.139	0.1709	0.1685	0.1816	0.1665	0.0537	0.0702	0.0925	0.0686	0.0584	0	0	0	0	0	0	0	0	0	0	0	0	0	0	0	0	0	0	0	0	0	0	0	0	0	0	0	0	0	0	0	0	0	0	0	0	0	0	0	0	0	0	0	0	0	0	0	0	0	0	0	0	0	0	0	0	0	0	0	0
"650"	"1296669"	0	0	0	0	0	0	0	0	0	0	0	0	0	0	0	0	0	0	0	0	0	0	0	0	0	0	0	0	0	0	0.1421	0.1207	0.1143	0.1156	0.1673	0.0562	0.0893	0.0944	0.0697	0.0851	0	0	0	0	0	0	0	0	0	0	0	0	0	0	0	0	0	0	0	0	0	0	0	0	0	0	0	0	0	0	0	0	0	0	0	0	0	0	0	0	0	0	0	0	0	0	0	0	0	0	0	0	0	0	0	0	0	0	0	0
"651"	"445710"	0	0	0	0	0	0	0	0	0	0	0	0	0	0	0	0	0	0	0	0	0	0	0	0	0	0	0	0	0	0	0.0547	0.0445	0.0416	0.0635	0.0539	0	0	0	0	0	0	0	0	0	0	0	0	0	0	0	0	0	0	0	0	0	0	0	0	0	0	0	0	0	0	0	0	0	0	0	0	0	0	0	0	0	0	0	0	0	0	0	0	0	0	0	0	0	0	0	0	0	0	0	0	0	0	0	0	0
"652"	"522259"	0	0	0	0	0	0	0	0	0	0	0	0	0	0	0	0	0	0	0	0	0	0	0	0	0	0	0	0	0	0	0.0512	0.086	0.0369	0.0456	0.0669	0	0	0	0	0	0	0	0	0	0	0	0	0	0	0	0	0	0	0	0	0	0	0	0	0	0	0	0	0	0	0	0	0	0	0	0	0	0	0	0	0	0	0	0	0	0	0	0	0	0	0	0	0	0	0	0	0	0	0	0	0	0	0	0	0
"653"	"37925"	0	0	0	0	0	0	0	0	0	0	0	0	0	0	0	0	0	0	0	0	0	0	0	0	0	0	0	0	0	0	0.0842	0.081	0.0675	0.0632	0.1008	0	0	0	0	0	0	0	0	0	0	0	0	0	0	0	0	0	0	0	0	0	0	0	0	0	0	0	0	0	0	0	0	0	0	0	0	0	0	0	0	0	0	0	0	0	0	0	0	0	0	0	0	0	0	0	0	0	0	0	0	0	0	0	0	0
"654"	"397278"	0	0	0	0	0	0	0	0	0	0	0	0	0	0	0	0	0	0	0	0	0	0	0	0	0	0	0	0	0	0	0.1199	0.1696	0.1654	0.1781	0.1353	0.0901	0.0882	0.0876	0.0648	0.0567	0	0	0	0	0	0	0	0	0	0	0	0	0	0	0	0	0	0	0	0	0	0	0	0	0	0	0	0	0	0	0	0	0	0	0	0	0	0	0	0	0	0	0	0	0	0	0	0	0	0	0	0	0	0	0	0	0	0	0	0
"655"	"316997"	0	0	0	0	0	0	0	0	0	0	0	0	0	0	0	0	0	0	0	0	0	0	0	0	0	0	0	0	0	0	0.2414	0.3162	0.3183	0.2315	0.3207	0.2106	0.1917	0.2201	0.2615	0.176	0.1159	0.1041	0.0803	0.138	0.0741	0	0	0	0	0	0	0	0	0	0	0	0	0	0	0	0	0	0	0	0	0	0	0	0	0	0	0	0	0	0	0	0	0	0	0	0	0	0	0	0	0	0	0	0	0	0.0438	0.0545	0.0461	0.03	0.0342	0	0	0	0	0
"656"	"666685"	0	0	0	0	0	0	0	0	0	0	0	0	0	0	0	0	0	0	0	0	0	0	0	0	0	0	0	0	0	0	0.2362	0.2639	0.2132	0.2435	0.2319	0.2247	0.186	0.2309	0.1975	0.1923	0.1298	0.1074	0.1047	0.1525	0.08	0	0	0	0	0	0	0	0	0	0	0	0	0	0	0	0	0	0	0	0	0	0	0	0	0	0	0	0	0	0	0	0	0	0	0	0	0	0	0	0	0	0	0	0	0	0.0597	0.0596	0.0491	0.0319	0.0718	0	0	0	0	0
"657"	"179878"	0	0	0	0	0	0	0	0	0	0	0	0	0	0	0	0	0	0	0	0	0	0	0	0	0	0	0	0	0	0	0.0085	0	0	0.0359	0.0281	0	0	0	0	0	0	0	0	0	0	0	0	0	0	0	0	0	0	0	0	0	0	0	0	0	0	0	0	0	0	0	0	0	0	0	0	0	0	0	0	0	0	0	0	0	0	0	0	0	0	0	0	0	0	0	0	0	0	0	0	0	0	0	0	0
"658"	"1549858"	0	0	0	0	0	0	0	0	0	0	0	0	0	0	0	0	0	0	0	0	0	0	0	0	0	0	0	0	0	0	0.2167	0.2412	0.2859	0.218	0.2659	0.1803	0.1687	0.1698	0.2439	0.1498	0.0868	0.0556	0.0477	0.0985	0.0202	0	0	0	0	0	0	0	0	0	0	0	0	0	0	0	0	0	0	0	0	0	0	0	0	0	0	0	0	0	0	0	0	0	0	0	0	0	0	0	0	0	0	0	0	0	0.0347	0.0404	0.0245	0.0245	0.0548	0	0	0	0	0
"659"	"394734"	0	0	0	0	0	0	0	0	0	0	0	0	0	0	0	0	0	0	0	0	0	0	0	0	0	0	0	0	0	0	0.0171	0	0	0.0135	0	0	0	0	0	0	0	0	0	0	0	0	0	0	0	0	0	0	0	0	0	0	0	0	0	0	0	0	0	0	0	0	0	0	0	0	0	0	0	0	0	0	0	0	0	0	0	0	0	0	0	0	0	0	0	0	0	0	0	0	0	0	0	0	0	0
"660"	"86796"	0	0	0	0	0	0	0	0	0	0	0	0	0	0	0	0	0	0	0	0	0	0	0	0	0	0	0	0	0	0	0.0742	0.1022	0.0964	0.0501	0.0716	0	0	0	0	0	0	0	0	0	0	0	0	0	0	0	0	0	0	0	0	0	0	0	0	0	0	0	0	0	0	0	0	0	0	0	0	0	0	0	0	0	0	0	0	0	0	0	0	0	0	0	0	0	0	0	0	0	0	0	0	0	0	0	0	0
"661"	"642780"	0	0	0	0	0	0	0	0	0	0	0	0	0	0	0	0	0	0	0	0	0	0	0	0	0	0	0	0	0	0	0.2207	0.2424	0.2956	0.309	0.2836	0.1937	0.1652	0.2127	0.25	0.1612	0.0825	0.0798	0.0895	0.1232	0.0378	0	0	0	0	0	0	0	0	0	0	0	0	0	0	0	0	0	0	0	0	0	0	0	0	0	0	0	0	0	0	0	0	0	0	0	0	0	0	0	0	0	0	0	0	0	0.0377	0.0495	0.0312	0.0679	0.03	0	0	0	0	0
"662"	"2774190"	0	0	0	0	0	0	0	0	0	0	0	0	0	0	0	0	0	0	0	0	0	0	0	0	0	0	0	0	0	0	0.2328	0.2496	0.3005	0.3257	0.3058	0.204	0.1786	0.1991	0.1832	0.173	0.0969	0.1015	0.0741	0.0824	0.0651	0	0	0	0	0	0	0	0	0	0	0	0	0	0	0	0	0	0	0	0	0	0	0	0	0	0	0	0	0	0	0	0	0	0	0	0	0	0	0	0	0	0	0	0	0	0.0522	0.0321	0.0458	0.0772	0.059	0	0	0	0	0
"663"	"225991"	0	0	0	0	0	0	0	0	0	0	0	0	0	0	0	0	0	0	0	0	0	0	0	0	0	0	0	0	0	0	0.1961	0.1965	0.2344	0.1883	0.2304	0.152	0.1356	0.1407	0.1867	0.1196	0.0591	0.0425	0.0548	0.0679	0	0	0	0	0	0	0	0	0	0	0	0	0	0	0	0	0	0	0	0	0	0	0	0	0	0	0	0	0	0	0	0	0	0	0	0	0	0	0	0	0	0	0	0	0	0	0.0237	0.0224	0	0	0	0	0	0	0	0
"664"	"2732487"	0	0	0	0	0	0	0	0	0	0	0	0	0	0	0	0	0	0	0	0	0	0	0	0	0	0	0	0	0	0	0.0248	0	0.0409	0	0	0	0	0	0	0	0	0	0	0	0	0	0	0	0	0	0	0	0	0	0	0	0	0	0	0	0	0	0	0	0	0	0	0	0	0	0	0	0	0	0	0	0	0	0	0	0	0	0	0	0	0	0	0	0	0	0	0	0	0	0	0	0	0	0	0
"665"	"2233851"	0	0	0	0	0	0	0	0	0	0	0	0	0	0	0	0	0	0	0	0	0	0	0	0	0	0	0	0	0	0	0.0355	0.0166	0.0639	0.0284	0.0424	0	0	0	0	0	0	0	0	0	0	0	0	0	0	0	0	0	0	0	0	0	0	0	0	0	0	0	0	0	0	0	0	0	0	0	0	0	0	0	0	0	0	0	0	0	0	0	0	0	0	0	0	0	0	0	0	0	0	0	0	0	0	0	0	0
"666"	"443156"	0	0	0	0	0	0	0	0	0	0	0	0	0	0	0	0	0	0	0	0	0	0	0	0	0	0	0	0	0	0	0.2015	0.2168	0.1858	0.2613	0.2372	0.1734	0.1513	0.143	0.1414	0.1384	0.0576	0.0625	0.0346	0.0248	0.0934	0	0	0	0	0	0	0	0	0	0	0	0	0	0	0	0	0	0	0	0	0	0	0	0	0	0	0	0	0	0	0	0	0	0	0	0	0	0	0	0	0	0	0	0	0	0.0291	0.0159	0.0323	0.0504	0.0411	0	0	0	0	0
"667"	"256618"	0	0	0	0	0	0	0	0	0	0	0	0	0	0	0	0	0	0	0	0	0	0	0	0	0	0	0	0	0	0	0.0481	0.035	0.0289	0.0423	0.0534	0	0	0	0	0	0	0	0	0	0	0	0	0	0	0	0	0	0	0	0	0	0	0	0	0	0	0	0	0	0	0	0	0	0	0	0	0	0	0	0	0	0	0	0	0	0	0	0	0	0	0	0	0	0	0	0	0	0	0	0	0	0	0	0	0
"668"	"347483"	0	0	0	0	0	0	0	0	0	0	0	0	0	0	0	0	0	0	0	0	0	0	0	0	0	0	0	0	0	0	0.0533	0.0914	0.076	0.0583	0.0711	0	0	0	0	0	0	0	0	0	0	0	0	0	0	0	0	0	0	0	0	0	0	0	0	0	0	0	0	0	0	0	0	0	0	0	0	0	0	0	0	0	0	0	0	0	0	0	0	0	0	0	0	0	0	0	0	0	0	0	0	0	0	0	0	0
"669"	"2035"	0	0	0	0	0	0	0	0	0	0	0	0	0	0	0	0	0	0	0	0	0	0	0	0	0	0	0	0	0	0	0.2977	0.3049	0.2509	0.3978	0.2588	0.2484	0.235	0.2575	0.3248	0.2487	0.1386	0.143	0.1276	0.1234	0.1852	0	0	0	0	0	0	0	0	0	0	0	0	0	0	0	0	0	0	0	0	0	0	0	0	0	0	0	0	0.0013	0	0	0	0	0	0	0	0	0	0	0	0	0	0	0	0	0.0824	0.088	0.0728	0.0603	0.0572	0	0	0	0	0
"670"	"40137"	0	0	0	0	0	0	0	0	0	0	0	0	0	0	0	0	0	0	0	0	0	0	0	0	0	0	0	0	0	0	0.0447	0.0844	0.0718	0.0511	0.0492	0	0	0	0	0	0	0	0	0	0	0	0	0	0	0	0	0	0	0	0	0	0	0	0	0	0	0	0	0	0	0	0	0	0	0	0	0	0	0	0	0	0	0	0	0	0	0	0	0	0	0	0	0	0	0	0	0	0	0	0	0	0	0	0	0
"671"	"219571"	0	0	0	0	0	0	0	0	0	0	0	0	0	0	0	0	0	0	0	0	0	0	0	0	0	0	0	0	0	0	0.2238	0.3	0.1958	0.224	0.2818	0.1878	0.1833	0.1767	0.2484	0.1647	0.1036	0.0762	0.0664	0.1094	0.1266	0	0	0	0	0	0	0	0	0	0	0	0	0	0	0	0	0	0	0	0	0	0	0	0	0	0	0	0	0	0	0	0	0	0	0	0	0	0	0	0	0	0	0	0	0	0.0477	0.0289	0.027	0.0654	0.0288	0	0	0	0	0
"672"	"582702"	0	0	0	0	0	0	0	0	0	0	0	0	0	0	0	0	0	0	0	0	0	0	0	0	0	0	0	0	0	0	0.1437	0.2104	0.1303	0.1405	0.1653	0.0907	0.096	0.0744	0.0813	0.0829	0	0	0	0	0.0475	0	0	0	0	0	0	0	0	0	0	0	0	0	0	0	0	0	0	0	0	0	0	0	0	0	0	0	0	0	0	0	0	0	0	0	0	0	0	0	0	0	0	0	0	0	0	0	0	0.0121	0	0	0	0	0	0
"673"	"41986"	0	0	0	0	0	0	0	0	0	0	0	0	0	0	0	0	0	0	0	0	0	0	0	0	0	0	0	0	0	0	0.08	0.0792	0.0651	0.0597	0.0994	0	0	0	0	0	0	0	0	0	0	0	0	0	0	0	0	0	0	0	0	0	0	0	0	0	0	0	0	0	0	0	0	0	0	0	0	0	0	0	0	0	0	0	0	0	0	0	0	0	0	0	0	0	0	0	0	0	0	0	0	0	0	0	0	0
"674"	"412690"	0	0	0	0	0	0	0	0	0	0	0	0	0	0	0	0	0	0	0	0	0	0	0	0	0	0	0	0	0	0	0.2084	0.2747	0.2633	0.2023	0.2133	0.1692	0.1523	0.157	0.2235	0.1428	0.0731	0.0781	0.0701	0.038	0.1197	0	0	0	0	0	0	0	0	0	0	0	0	0	0	0	0	0	0	0	0	0	0	0	0	0	0	0	0	0	0	0	0	0	0	0	0	0	0	0	0	0	0	0	0	0	0.0341	0.0329	0.0339	0.0086	0.0131	0	0	0	0	0
"675"	"247480"	0	0	0	0	0	0	0	0	0	0	0	0	0	0	0	0	0	0	0	0	0	0	0	0	0	0	0	0	0	0	0.096	0.1162	0.076	0.1087	0.116	0	0.0255	0	0	0.0418	0	0	0	0	0	0	0	0	0	0	0	0	0	0	0	0	0	0	0	0	0	0	0	0	0	0	0	0	0	0	0	0	0	0	0	0	0	0	0	0	0	0	0	0	0	0	0	0	0	0	0	0	0	0	0	0	0	0	0	0
"676"	"483547"	0	0	0	0	0	0	0	0	0	0	0	0	0	0	0	0	0	0	0	0	0	0	0	0	0	0	0	0	0	0	0.1118	0.1183	0.1103	0.1773	0.1291	0.0492	0.0852	0.0844	0.0641	0.0813	0	0	0	0	0	0	0	0	0	0	0	0	0	0	0	0	0	0	0	0	0	0	0	0	0	0	0	0	0	0	0	0	0	0	0	0	0	0	0	0	0	0	0	0	0	0	0	0	0	0	0	0	0	0	0	0	0	0	0	0
"677"	"1527607"	0	0	0	0	0	0	0	0	0	0	0	0	0	0	0	0	0	0	0	0	0	0	0	0	0	0	0	0	0	0	0.0534	0.0398	0.0381	0.0613	0.072	0	0	0	0	0	0	0	0	0	0	0	0	0	0	0	0	0	0	0	0	0	0	0	0	0	0	0	0	0	0	0	0	0	0	0	0	0	0	0	0	0	0	0	0	0	0	0	0	0	0	0	0	0	0	0	0	0	0	0	0	0	0	0	0	0
"678"	"589382"	0	0	0	0	0	0	0	0	0	0	0	0	0	0	0	0	0	0	0	0	0	0	0	0	0	0	0	0	0	0	0.0306	0	0	0.0385	0.0336	0	0	0	0	0	0	0	0	0	0	0	0	0	0	0	0	0	0	0	0	0	0	0	0	0	0	0	0	0	0	0	0	0	0	0	0	0	0	0	0	0	0	0	0	0	0	0	0	0	0	0	0	0	0	0	0	0	0	0	0	0	0	0	0	0
"679"	"41988"	0	0	0	0	0	0	0	0	0	0	0	0	0	0	0	0	0	0	0	0	0	0	0	0	0	0	0	0	0	0	0.0783	0.0784	0.0621	0.0592	0.0812	0	0	0	0	0	0	0	0	0	0	0	0	0	0	0	0	0	0	0	0	0	0	0	0	0	0	0	0	0	0	0	0	0	0	0	0	0	0	0	0	0	0	0	0	0	0	0	0	0	0	0	0	0	0	0	0	0	0	0	0	0	0	0	0	0
"680"	"2774189"	0	0	0	0	0	0	0	0	0	0	0	0	0	0	0	0	0	0	0	0	0	0	0	0	0	0	0	0	0	0	0.176	0.2398	0.1675	0.1826	0.1809	0.1423	0.1288	0.1782	0.1166	0.1079	0.0423	0.0295	0	0.0566	0	0	0	0	0	0	0	0	0	0	0	0	0	0	0	0	0	0	0	0	0	0	0	0	0	0	0	0	0	0	0	0	0	0	0	0	0	0	0	0	0	0	0	0	0	0	0	0	0.0182	0	0	0	0	0	0	0
"681"	"266127"	0	0	0	0	0	0	0	0	0	0	0	0	0	0	0	0	0	0	0	0	0	0	0	0	0	0	0	0	0	0	0.094	0.1141	0.073	0.0697	0.1084	0.035	0.0218	0	0.0254	0	0	0	0	0	0	0	0	0	0	0	0	0	0	0	0	0	0	0	0	0	0	0	0	0	0	0	0	0	0	0	0	0	0	0	0	0	0	0	0	0	0	0	0	0	0	0	0	0	0	0	0	0	0	0	0	0	0	0	0	0
"682"	"162426"	0	0	0	0	0	0	0	0	0	0	0	0	0	0	0	0	0	0	0	0	0	0	0	0	0	0	0	0	0	0	0.1711	0.1673	0.2095	0.2198	0.1965	0.1223	0.1144	0.1618	0.0891	0.093	0	0	0	0	0.0637	0	0	0	0	0	0	0	0	0	0	0	0	0	0	0	0	0	0	0	0	0	0	0	0	0	0	0	0	0	0	0	0	0	0	0	0	0	0	0	0	0	0	0	0	0	0	0	0.0086	0	0	0	0	0	0	0
"683"	"74313"	0	0	0	0	0	0	0	0	0	0	0	0	0	0	0	0	0	0	0	0	0	0	0	0	0	0	0	0	0	0	0.1896	0.1831	0.163	0.2391	0.1728	0.1462	0.113	0.1716	0.1637	0.1056	0	0	0.0377	0.0473	0	0	0	0	0	0	0	0	0	0	0	0	0	0	0	0	0	0	0	0	0	0	0	0	0	0	0	0	0	0	0	0	0	0	0	0	0	0	0	0	0	0	0	0	0	0	0	0	0	0	0.0172	0	0	0	0	0
"684"	"74329"	0	0	0	0	0	0	0	0	0	0	0	0	0	0	0	0	0	0	0	0	0	0	0	0	0	0	0	0	0	0	0.1826	0.1778	0.2119	0.2358	0.2138	0.1428	0.1123	0.098	0.1006	0.1187	0	0.0251	0.0376	0	0.0714	0	0	0	0	0	0	0	0	0	0	0	0	0	0	0	0	0	0	0	0	0	0	0	0	0	0	0	0	0	0	0	0	0	0	0	0	0	0	0	0	0	0	0	0	0	0	0	0.016	0	0	0	0	0	0	0
"685"	"1708"	0	0	0	0	0	0	0	0	0	0	0	0	0	0	0	0	0	0	0	0	0	0	0	0	0	0	0	0	0	0	0.1724	0.1924	0.2133	0.1774	0.22	0.1346	0.125	0.1055	0.1707	0.1211	0	0	0	0.0483	0	0	0	0	0	0	0	0	0	0	0	0	0	0	0	0	0	0	0	0	0	0	0	0	0	0	0	0	0	0	0	0	0	0	0	0	0	0	0	0	0	0	0	0	0	0	0	0.0089	0	0	0.0213	0	0	0	0	0
"686"	"35700"	0	0	0	0	0	0	0	0	0	0	0	0	0	0	0	0	0	0	0	0	0	0	0	0	0	0	0	0	0	0	0.0821	0.1139	0.11	0.0959	0.085	0.009	0	0.0146	0	0	0	0	0	0	0	0	0	0	0	0	0	0	0	0	0	0	0	0	0	0	0	0	0	0	0	0	0	0	0	0	0	0	0	0	0	0	0	0	0	0	0	0	0	0	0	0	0	0	0	0	0	0	0	0	0	0	0	0	0	0
"687"	"153496"	0	0	0	0	0	0	0	0	0	0	0	0	0	0	0	0	0	0	0	0	0	0	0	0	0	0	0	0	0	0	0.1113	0.1668	0.1651	0.1731	0.1279	0.0838	0.0641	0.0809	0.0557	0.0795	0	0	0	0	0	0	0	0	0	0	0	0	0	0	0	0	0	0	0	0	0	0	0	0	0	0	0	0	0	0	0	0	0	0	0	0	0	0	0	0	0	0	0	0	0	0	0	0	0	0	0	0	0	0	0	0	0	0	0	0
"688"	"350"	0	0	0	0	0	0	0	0	0	0	0	0	0	0	0	0	0	0	0	0	0	0	0	0	0	0	0	0	0	0	0.0921	0.0833	0.1141	0.0669	0.106	0	0.0211	0.0224	0	0	0	0	0	0	0	0	0	0	0	0	0	0	0	0	0	0	0	0	0	0	0	0	0	0	0	0	0	0	0	0	0	0	0	0	0	0	0	0	0	0	0	0	0	0	0	0	0	0	0	0	0	0	0	0	0	0	0	0	0	0
"689"	"1335043"	0	0	0	0	0	0	0	0	0	0	0	0	0	0	0	0	0	0	0	0	0	0	0	0	0	0	0	0	0	0	0.0527	0.0965	0.0795	0.0695	0.0732	0	0	0	0	0	0	0	0	0	0	0	0	0	0	0	0	0	0	0	0	0	0	0	0	0	0	0	0	0	0	0	0	0	0	0	0	0	0	0	0	0	0	0	0	0	0	0	0	0	0	0	0	0	0	0	0	0	0	0	0	0	0	0	0	0
"690"	"105560"	0	0	0	0	0	0	0	0	0	0	0	0	0	0	0	0	0	0	0	0	0	0	0	0	0	0	0	0	0	0	0.2921	0.3464	0.2353	0.2546	0.3796	0.2363	0.2196	0.2477	0.3122	0.2384	0.1343	0.1478	0.1233	0.1865	0.1109	0	0	0	0	0	0	0	0	0	0	0	0	0	0	0	0	0	0	0	0	0	0	0	0	0	0	0	0	0	0	0	0	0	0	0	0	0	0	0	0	0	0	0	0	0	0.079	0.0523	0.0681	0.0532	0.0823	0	0	0	0	0
"691"	"2800818"	0	0	0	0	0	0	0	0	0	0	0	0	0	0	0	0	0	0	0	0	0	0	0	0	0	0	0	0	0	0	0.1214	0.1419	0.0875	0.1329	0.143	0.0496	0.0284	0.0542	0.0319	0.0523	0	0	0	0	0	0	0	0	0	0	0	0	0	0	0	0	0	0	0	0	0	0	0	0	0	0	0	0	0	0	0	0	0	0	0	0	0	0	0	0	0	0	0	0	0	0	0	0	0	0	0	0	0	0	0	0	0	0	0	0
"692"	"121719"	0	0	0	0	0	0	0	0	0	0	0	0	0	0	0	0	0	0	0	0	0	0	0	0	0	0	0	0	0	0	0.123	0.1052	0.1427	0.1366	0.1473	0.0411	0.0684	0.0228	0.0327	0.0457	0	0	0	0	0	0	0	0	0	0	0	0	0	0	0	0	0	0	0	0	0	0	0	0	0	0	0	0	0	0	0	0	0	0	0	0	0	0	0	0	0	0	0	0	0	0	0	0	0	0	0	0	0	0	0	0	0	0	0	0
"693"	"2743470"	0	0	0	0	0	0	0	0	0	0	0	0	0	0	0	0	0	0	0	0	0	0	0	0	0	0	0	0	0	0	0.1013	0.1521	0.0907	0.1483	0.1021	0.0557	0.0726	0.0618	0.0664	0.0573	0	0	0	0	0	0	0	0	0	0	0	0	0	0	0	0	0	0	0	0	0	0	0	0	0	0	0	0	0	0	0	0	0	0	0	0	0	0	0	0	0	0	0	0	0	0	0	0	0	0	0	0	0	0	0	0	0	0	0	0
"694"	"2010829"	0	0	0	0	0	0	0	0	0	0	0	0	0	0	0	0	0	0	0	0	0	0	0	0	0	0	0	0	0	0	0.1069	0.112	0.1591	0.1532	0.1614	0.0697	0.0491	0.0377	0.0706	0.0492	0	0	0	0	0	0	0	0	0	0	0	0	0	0	0	0	0	0	0	0	0	0	0	0	0	0	0	0	0	0	0	0	0	0	0	0	0	0	0	0	0	0	0	0	0	0	0	0	0	0	0	0	0	0	0	0	0	0	0	0
"695"	"1764"	0	0	0	0	0	0	0	0	0	0	0	0	0	0	0	0	0	0	0	0	0	0	0	0	0	0	0	0	0	0	0.1045	0.1532	0.0958	0.0971	0.1149	0.0459	0.0377	0.032	0.048	0.0484	0	0	0	0	0	0	0	0	0	0	0	0	0	0	0	0	0	0	0	0	0	0	0	0	0	0	0	0	0	0	0	0	0	0	0	0	0	0	0	0	0	0	0	0	0	0	0	0	0	0	0	0	0	0	0	0	0	0	0	0
"696"	"2712223"	0	0	0	0	0	0	0	0	0	0	0	0	0	0	0	0	0	0	0	0	0	0	0	0	0	0	0	0	0	0	0.1855	0.2519	0.2244	0.2439	0.1945	0.1501	0.1336	0.1356	0.1856	0.1149	0.0529	0.0327	0.0459	0	0	0	0	0	0	0	0	0	0	0	0	0	0	0	0	0	0	0	0	0	0	0	0	0	0	0	0	0	0	0	0	0	0	0	0	0	0	0	0	0	0	0	0	0	0	0	0.0167	0.0212	0	0.0392	0.0292	0	0	0	0	0
"697"	"1861"	0	0	0	0	0	0	0	0	0	0	0	0	0	0	0	0	0	0	0	0	0	0	0	0	0	0	0	0	0	0	0.1569	0.2155	0.2074	0.2188	0.1676	0.121	0.1004	0.0806	0.0887	0.1129	0	0	0	0	0	0	0	0	0	0	0	0	0	0	0	0	0	0	0	0	0	0	0	0	0	0	0	0	0	0	0	0	0	0	0	0	0	0	0	0	0	0	0	0	0	0	0	0	0	0	0	0	0	0	0	0	0	0	0	0
"698"	"1560345"	0	0	0	0	0	0	0	0	0	0	0	0	0	0	0	0	0	0	0	0	0	0	0	0	0	0	0	0	0	0	0.1038	0.0974	0.121	0.1163	0.1345	0.0455	0.0504	0	0.0499	0	0	0	0	0	0	0	0	0	0	0	0	0	0	0	0	0	0	0	0	0	0	0	0	0	0	0	0	0	0	0	0	0	0	0	0	0	0	0	0	0	0	0	0	0	0	0	0	0	0	0	0	0	0	0	0	0	0	0	0	0
"699"	"1138383"	0	0	0	0	0	0	0	0	0	0	0	0	0	0	0	0	0	0	0	0	0	0	0	0	0	0	0	0	0	0	0.1785	0.2442	0.2215	0.1879	0.2218	0.1464	0.1321	0.1844	0.1203	0.1084	0	0	0	0	0	0	0	0	0	0	0	0	0	0	0	0	0	0	0	0	0	0	0	0	0	0	0	0	0	0	0	0	0	0	0	0	0	0	0	0	0	0	0	0	0	0	0	0	0	0	0.0197	0	0.0189	0	0.0272	0	0	0	0	0
"700"	"667306"	0	0	0	0	0	0	0	0	0	0	0	0	0	0	0	0	0	0	0	0	0	0	0	0	0	0	0	0	0	0	0.2598	0.3345	0.37	0.3578	0.3566	0.2275	0.2118	0.2403	0.2115	0.2087	0.1188	0.1162	0.1019	0.1662	0.141	0	0	0	0	0	0	0	0	0	0	0	0	0	0	0	0	0	0	0	0	0	0	0	0	0	0	0	0	0	0	0	0	0	0	0	0	0	0	0	0	0	0	0	0	0	0.0484	0.0684	0.0585	0.0366	0.0449	0	0	0	0	0
"701"	"431060"	0	0	0	0	0	0	0	0	0	0	0	0	0	0	0	0	0	0	0	0	0	0	0	0	0	0	0	0	0	0	0.0771	0.0773	0.1071	0.0896	0.0942	0	0	0	0	0	0	0	0	0	0	0	0	0	0	0	0	0	0	0	0	0	0	0	0	0	0	0	0	0	0	0	0	0	0	0	0	0	0	0	0	0	0	0	0	0	0	0	0	0	0	0	0	0	0	0	0	0	0	0	0	0	0	0	0	0
"702"	"1850238"	0	0	0	0	0	0	0	0	0	0	0	0	0	0	0	0	0	0	0	0	0	0	0	0	0	0	0	0	0	0	0.1407	0.1512	0.1281	0.136	0.173	0.1069	0.0944	0.1422	0.1275	0.1062	0	0	0	0	0.0339	0	0	0	0	0	0	0	0	0	0	0	0	0	0	0	0	0	0	0	0	0	0	0	0	0	0	0	0	0	0	0	0	0	0	0	0	0	0	0	0	0	0	0	0	0	0	0	0	0	0	0	0	0	0	0
"703"	"1164594"	0	0	0	0	0	0	0	0	0	0	0	0	0	0	0	0	0	0	0	0	0	0	0	0	0	0	0	0	0	0	0.0524	0.0961	0.077	0.047	0.0658	0	0	0	0	0	0	0	0	0	0	0	0	0	0	0	0	0	0	0	0	0	0	0	0	0	0	0	0	0	0	0	0	0	0	0	0	0	0	0	0	0	0	0	0	0	0	0	0	0	0	0	0	0	0	0	0	0	0	0	0	0	0	0	0	0
"704"	"573"	0	0	0	0	0	0	0	0	0	0	0	0	0	0	0	0	0	0	0	0	0	0	0	0	0	0	0	0	0	0	0.2977	0.3257	0.2705	0.4305	0.2642	0.2582	0.2529	0.2686	0.3299	0.2694	0.1842	0.1742	0.1228	0.1339	0.1926	0	0	0	0	0	0	0	0	0	0	0	0	0	0	0	0	0	0	0	0	0	0	0	0	0	0	0	0	0	0	0	0	0	0	0	0	0	0	0	0	0	0	0	0	0	0.0881	0.0939	0.0555	0.099	0.1007	0	0	0	0	0
"705"	"392589"	0	0	0	0	0	0	0	0	0	0	0	0	0	0	0	0	0	0	0	0	0	0	0	0	0	0	0	0	0	0	0.0833	0.1123	0.1084	0.0952	0.0819	0	0	0	0	0	0	0	0	0	0	0	0	0	0	0	0	0	0	0	0	0	0	0	0	0	0	0	0	0	0	0	0	0	0	0	0	0	0	0	0	0	0	0	0	0	0	0	0	0	0	0	0	0	0	0	0	0	0	0	0	0	0	0	0	0
"706"	"223967"	0	0	0	0	0	0	0	0	0	0	0	0	0	0	0	0	0	0	0	0	0	0	0	0	0	0	0	0	0	0	0.104	0.1069	0.0922	0.0965	0.1031	0.0617	0.0309	0.0681	0.0692	0.0586	0	0	0	0	0	0	0	0	0	0	0	0	0	0	0	0	0	0	0	0	0	0	0	0	0	0	0	0	0	0	0	0	0	0	0	0	0	0	0	0	0	0	0	0	0	0	0	0	0	0	0	0	0	0	0	0	0	0	0	0
"707"	"2697032"	0	0	0	0	0	0	0	0	0	0	0	0	0	0	0	0	0	0	0	0	0	0	0	0	0	0	0	0	0	0	0.1334	0.1584	0.1016	0.1047	0.1617	0.0475	0.0821	0.074	0.0772	0.0505	0	0	0	0	0	0	0	0	0	0	0	0	0	0	0	0	0	0	0	0	0	0	0	0	0	0	0	0	0	0	0	0	0	0	0	0	0	0	0	0	0	0	0	0	0	0	0	0	0	0	0	0	0	0	0	0	0	0	0	0
"708"	"1235591"	0	0	0	0	0	0	0	0	0	0	0	0	0	0	0	0	0	0	0	0	0	0	0	0	0	0	0	0	0	0	0.0413	0.0213	0.0233	0.0369	0.0476	0	0	0	0	0	0	0	0	0	0	0	0	0	0	0	0	0	0	0	0	0	0	0	0	0	0	0	0	0	0	0	0	0	0	0	0	0	0	0	0	0	0	0	0	0	0	0	0	0	0	0	0	0	0	0	0	0	0	0	0	0	0	0	0	0
"709"	"69"	0	0	0	0	0	0	0	0	0	0	0	0	0	0	0	0	0	0	0	0	0	0	0	0	0	0	0	0	0	0	0.0466	0.0364	0.0341	0.0554	0.0669	0	0	0	0	0	0	0	0	0	0	0	0	0	0	0	0	0	0	0	0	0	0	0	0	0	0	0	0	0	0	0	0	0	0	0	0	0	0	0	0	0	0	0	0	0	0	0	0	0	0	0	0	0	0	0	0	0	0	0	0	0	0	0	0	0
"710"	"408"	0	0	0	0	0	0	0	0	0	0	0	0	0	0	0	0	0	0	0	0	0	0	0	0	0	0	0	0	0	0	0.1118	0.1414	0.0873	0.0886	0.1404	0.0489	0.0131	0.0188	0	0.0124	0	0	0	0	0	0	0	0	0	0	0	0	0	0	0	0	0	0	0	0	0	0	0	0	0	0	0	0	0	0	0	0	0	0	0	0	0	0	0	0	0	0	0	0	0	0	0	0	0	0	0	0	0	0	0	0	0	0	0	0
"711"	"135487"	0	0	0	0	0	0	0	0	0	0	0	0	0	0	0	0	0	0	0	0	0	0	0	0	0	0	0	0	0	0	0.2258	0.2595	0.3268	0.2331	0.2243	0.2161	0.1855	0.2219	0.2638	0.1747	0.1074	0.0961	0.0829	0.1412	0.0744	0	0	0	0	0	0	0	0	0	0	0	0	0	0	0	0	0	0	0	0	0	0	0	0	0	0	0	0	0	0	0	0	0	0	0	0	0	0	0	0	0	0	0	0	0	0.0543	0.0333	0.048	0.0813	0.0362	0	0	0	0	0
"712"	"292462"	0	0	0	0	0	0	0	0	0	0	0	0	0	0	0	0	0	0	0	0	0	0	0	0	0	0	0	0	0	0	0.1226	0.1502	0.088	0.0908	0.144	0.0402	0.0635	0.0574	0.0647	0.0396	0	0	0	0	0	0	0	0	0	0	0	0	0	0	0	0	0	0	0	0	0	0	0	0	0	0	0	0	0	0	0	0	0	0	0	0	0	0	0	0	0	0	0	0	0	0	0	0	0	0	0	0	0	0	0	0	0	0	0	0
"713"	"435897"	0	0	0	0	0	0	0	0	0	0	0	0	0	0	0	0	0	0	0	0	0	0	0	0	0	0	0	0	0	0	0.1313	0.1107	0.1564	0.1498	0.1554	0.0639	0.0422	0.0369	0.0692	0.0595	0	0	0	0	0	0	0	0	0	0	0	0	0	0	0	0	0	0	0	0	0	0	0	0	0	0	0	0	0	0	0	0	0	0	0	0	0	0	0	0	0	0	0	0	0	0	0	0	0	0	0	0	0	0	0	0	0	0	0	0
"714"	"37329"	0	0	0	0	0	0	0	0	0	0	0	0	0	0	0	0	0	0	0	0	0	0	0	0	0	0	0	0	0	0	0.1721	0.1708	0.1445	0.2245	0.2023	0.1075	0.101	0.1639	0.0959	0.0964	0	0	0.0257	0.0205	0	0	0	0	0	0	0	0	0	0	0	0	0	0	0	0	0	0	0	0	0	0	0	0	0	0	0	0	0	0	0	0	0	0	0	0	0	0	0	0	0	0	0	0	0	0	0	0	0	0	0	0	0	0	0	0
"715"	"28092"	0	0	0	0	0	0	0	0	0	0	0	0	0	0	0	0	0	0	0	0	0	0	0	0	0	0	0	0	0	0	0.0842	0.085	0.1147	0.0973	0.0866	0.0206	0	0	0	0.0299	0	0	0	0	0	0	0	0	0	0	0	0	0	0	0	0	0	0	0	0	0	0	0	0	0	0	0	0	0	0	0	0	0	0	0	0	0	0	0	0	0	0	0	0	0	0	0	0	0	0	0	0	0	0	0	0	0	0	0	0
"716"	"2072590"	0	0	0	0	0	0	0	0	0	0	0	0	0	0	0	0	0	0	0	0	0	0	0	0	0	0	0	0	0	0	0.0464	0.0799	0.0251	0.0496	0.0515	0	0	0	0	0	0	0	0	0	0	0	0	0	0	0	0	0	0	0	0	0	0	0	0	0	0	0	0	0	0	0	0	0	0	0	0	0	0	0	0	0	0	0	0	0	0	0	0	0	0	0	0	0	0	0	0	0	0	0	0	0	0	0	0	0
"717"	"2728020"	0	0	0	0	0	0	0	0	0	0	0	0	0	0	0	0	0	0	0	0	0	0	0	0	0	0	0	0	0	0	0.1925	0.2377	0.215	0.2399	0.1804	0.1474	0.1222	0.1748	0.1102	0.1249	0.0369	0	0.04	0	0	0	0	0	0	0	0	0	0	0	0	0	0	0	0	0	0	0	0	0	0	0	0	0	0	0	0	0	0	0	0	0	0	0	0	0	0	0	0	0	0	0	0	0	0	0	0	0.0122	0.0168	0	0.0251	0	0	0	0	0
"718"	"413882"	0	0	0	0	0	0	0	0	0	0	0	0	0	0	0	0	0	0	0	0	0	0	0	0	0	0	0	0	0	0	0.2031	0.2238	0.2703	0.2073	0.2473	0.1718	0.1546	0.1611	0.2281	0.1475	0.0737	0.0427	0.0746	0.0438	0	0	0	0	0	0	0	0	0	0	0	0	0	0	0	0	0	0	0	0	0	0	0	0	0	0	0	0	0	0	0	0	0	0	0	0	0	0	0	0	0	0	0	0	0	0	0.0351	0.0344	0.0373	0.0537	0.0495	0	0	0	0	0
"719"	"151755"	0	0	0	0	0	0	0	0	0	0	0	0	0	0	0	0	0	0	0	0	0	0	0	0	0	0	0	0	0	0	0.2703	0.2961	0.3729	0.3804	0.3737	0.2415	0.2147	0.2389	0.3082	0.2021	0.1545	0.1365	0.1154	0.0974	0.16	0	0	0	0	0	0	0	0	0	0	0	0	0	0	0	0	0	0	0	0	0	0	0	0	0	0	0	0	0	0	0	0	0	0	0	0	0	0	0	0	0	0	0	0	0	0.0673	0.0776	0.0606	0.0932	0.0823	0	0	0	0	0
"720"	"544911"	0	0	0	0	0	0	0	0	0	0	0	0	0	0	0	0	0	0	0	0	0	0	0	0	0	0	0	0	0	0	0.0366	0.0697	0.0649	0.0318	0.0428	0	0	0	0	0	0	0	0	0	0	0	0	0	0	0	0	0	0	0	0	0	0	0	0	0	0	0	0	0	0	0	0	0	0	0	0	0	0	0	0	0	0	0	0	0	0	0	0	0	0	0	0	0	0	0	0	0	0	0	0	0	0	0	0	0
"721"	"2528964"	0	0	0	0	0	0	0	0	0	0	0	0	0	0	0	0	0	0	0	0	0	0	0	0	0	0	0	0	0	0	0.111	0.1347	0.1317	0.1289	0.1394	0	0	0.0385	0	0	0	0	0	0	0	0	0	0	0	0	0	0	0	0	0	0	0	0	0	0	0	0	0	0	0	0	0	0	0	0	0	0	0	0	0	0	0	0	0	0	0	0	0	0	0	0	0	0	0	0	0	0	0	0	0	0	0	0	0	0
"722"	"230310"	0	0	0	0	0	0	0	0	0	0	0	0	0	0	0	0	0	0	0	0	0	0	0	0	0	0	0	0	0	0	0.0943	0.0859	0.0678	0.1032	0.0872	0	0	0.0233	0	0.0316	0	0	0	0	0	0	0	0	0	0	0	0	0	0	0	0	0	0	0	0	0	0	0	0	0	0	0	0	0	0	0	0	0	0	0	0	0	0	0	0	0	0	0	0	0	0	0	0	0	0	0	0	0	0	0	0	0	0	0	0
"723"	"1002689"	0	0	0	0	0	0	0	0	0	0	0	0	0	0	0	0	0	0	0	0	0	0	0	0	0	0	0	0	0	0	0.0848	0.0892	0.0695	0.1042	0.0886	0.0309	0	0	0	0.0381	0	0	0	0	0	0	0	0	0	0	0	0	0	0	0	0	0	0	0	0	0	0	0	0	0	0	0	0	0	0	0	0	0	0	0	0	0	0	0	0	0	0	0	0	0	0	0	0	0	0	0	0	0	0	0	0	0	0	0	0
"724"	"380"	0	0	0	0	0	0	0	0	0	0	0	0	0	0	0	0	0	0	0	0	0	0	0	0	0	0	0	0	0	0	0.1779	0.2413	0.218	0.1853	0.1929	0.1452	0.1287	0.1108	0.1817	0.1316	0.0481	0	0	0.0622	0.0743	0	0	0	0	0	0	0	0	0	0	0	0	0	0	0	0	0	0	0	0	0	0	0	0	0	0	0	0	0	0	0	0	0	0	0	0	0	0	0	0	0	0	0	0	0	0.0169	0.0131	0	0.0361	0.0267	0	0	0	0	0
"725"	"587753"	0	0	0	0	0	0	0	0	0	0	0	0	0	0	0	0	0	0	0	0	0	0	0	0	0	0	0	0	0	0	0.0754	0.0992	0.0888	0.0755	0.087	0	0	0	0	0	0	0	0	0	0	0	0	0	0	0	0	0	0	0	0	0	0	0	0	0	0	0	0	0	0	0	0	0	0	0	0	0	0	0	0	0	0	0	0	0	0	0	0	0	0	0	0	0	0	0	0	0	0	0	0	0	0	0	0	0
"726"	"1404367"	0	0	0	0	0	0	0	0	0	0	0	0	0	0	0	0	0	0	0	0	0	0	0	0	0	0	0	0	0	0	0.1027	0.1213	0.1179	0.115	0.1287	0	0	0.0378	0.0456	0.0485	0	0	0	0	0	0	0	0	0	0	0	0	0	0	0	0	0	0	0	0	0	0	0	0	0	0	0	0	0	0	0	0	0	0	0	0	0	0	0	0	0	0	0	0	0	0	0	0	0	0	0	0	0	0	0	0	0	0	0	0
"727"	"1894"	0	0	0	0	0	0	0	0	0	0	0	0	0	0	0	0	0	0	0	0	0	0	0	0	0	0	0	0	0	0	0.1518	0.1936	0.1272	0.1323	0.1623	0.1065	0.0933	0.0691	0.1144	0.1056	0	0	0	0	0.0267	0	0	0	0	0	0	0	0	0	0	0	0	0	0	0	0	0	0	0	0	0	0	0	0	0	0	0	0	0	0	0	0	0	0	0	0	0	0	0	0	0	0	0	0	0	0	0	0	0	0	0	0	0	0	0
"728"	"28450"	0	0	0	0	0	0	0	0	0	0	0	0	0	0	0	0	0	0	0	0	0	0	0	0	0	0	0	0	0	0	0.2277	0.2469	0.209	0.3213	0.2983	0.2049	0.1857	0.1942	0.2607	0.1688	0.1102	0.0959	0.0961	0.1244	0.0602	0	0	0	0	0	0	0	0	0	0	0	0	0	0	0	0	0	0	0	0	0	0	0	0	0	0	0	0	0	0	0	0	0	0	0	0	0	0	0	0	0	0	0	0	0	0.0412	0.0525	0.0333	0.0259	0.0585	0	0	0	0	0
"729"	"364032"	0	0	0	0	0	0	0	0	0	0	0	0	0	0	0	0	0	0	0	0	0	0	0	0	0	0	0	0	0	0	0.0873	0.083	0.0678	0.0637	0.1026	0	0	0.013	0	0	0	0	0	0	0	0	0	0	0	0	0	0	0	0	0	0	0	0	0	0	0	0	0	0	0	0	0	0	0	0	0	0	0	0	0	0	0	0	0	0	0	0	0	0	0	0	0	0	0	0	0	0	0	0	0	0	0	0	0	0
"730"	"2126346"	0	0	0	0	0	0	0	0	0	0	0	0	0	0	0	0	0	0	0	0	0	0	0	0	0	0	0	0	0	0	0.0191	0.0588	0.0515	0	0.0296	0	0	0	0	0	0	0	0	0	0	0	0	0	0	0	0	0	0	0	0	0	0	0	0	0	0	0	0	0	0	0	0	0	0	0	0	0	0	0	0	0	0	0	0	0	0	0	0	0	0	0	0	0	0	0	0	0	0	0	0	0	0	0	0	0
"731"	"169427"	0	0	0	0	0	0	0	0	0	0	0	0	0	0	0	0	0	0	0	0	0	0	0	0	0	0	0	0	0	0	0.0564	0.0616	0.0878	0.0487	0.0865	0	0	0	0	0	0	0	0	0	0	0	0	0	0	0	0	0	0	0	0	0	0	0	0	0	0	0	0	0	0	0	0	0	0	0	0	0	0	0	0	0	0	0	0	0	0	0	0	0	0	0	0	0	0	0	0	0	0	0	0	0	0	0	0	0
"732"	"228602"	0	0	0	0	0	0	0	0	0	0	0	0	0	0	0	0	0	0	0	0	0	0	0	0	0	0	0	0	0	0	0.1116	0.1169	0.1077	0.177	0.1657	0.0886	0.0695	0.0499	0.063	0.0543	0	0	0	0	0	0	0	0	0	0	0	0	0	0	0	0	0	0	0	0	0	0	0	0	0	0	0	0	0	0	0	0	0	0	0	0	0	0	0	0	0	0	0	0	0	0	0	0	0	0	0	0	0	0	0	0	0	0	0	0
"733"	"416944"	0	0	0	0	0	0	0	0	0	0	0	0	0	0	0	0	0	0	0	0	0	0	0	0	0	0	0	0	0	0	0.2355	0.3302	0.212	0.2395	0.324	0.2224	0.205	0.2057	0.2653	0.1902	0.1237	0.1055	0.1023	0.1518	0.1383	0	0	0	0	0	0	0	0	0	0	0	0	0	0	0	0	0	0	0	0	0	0	0	0	0	0	0	0	0	0	0	0	0	0	0	0	0	0	0	0	0	0	0	0	0	0.0574	0.0575	0.0397	0.0877	0.0373	0	0	0	0	0
"734"	"1404864"	0	0	0	0	0	0	0	0	0	0	0	0	0	0	0	0	0	0	0	0	0	0	0	0	0	0	0	0	0	0	0.0587	0.1006	0.0902	0.0497	0.0879	0	0	0	0	0	0	0	0	0	0	0	0	0	0	0	0	0	0	0	0	0	0	0	0	0	0	0	0	0	0	0	0	0	0	0	0	0	0	0	0	0	0	0	0	0	0	0	0	0	0	0	0	0	0	0	0	0	0	0	0	0	0	0	0	0
"735"	"2736640"	0	0	0	0	0	0	0	0	0	0	0	0	0	0	0	0	0	0	0	0	0	0	0	0	0	0	0	0	0	0	0.0538	0.0982	0.0831	0.047	0.081	0	0	0	0	0	0	0	0	0	0	0	0	0	0	0	0	0	0	0	0	0	0	0	0	0	0	0	0	0	0	0	0	0	0	0	0	0	0	0	0	0	0	0	0	0	0	0	0	0	0	0	0	0	0	0	0	0	0	0	0	0	0	0	0	0
"736"	"96344"	0	0	0	0	0	0	0	0	0	0	0	0	0	0	0	0	0	0	0	0	0	0	0	0	0	0	0	0	0	0	0.1582	0.1971	0.1928	0.1328	0.1629	0.0903	0.1006	0.1409	0.1219	0.1058	0	0	0	0	0.0311	0	0	0	0	0	0	0	0	0	0	0	0	0	0	0	0	0	0	0	0	0	0	0	0	0	0	0	0	0	0	0	0	0	0	0	0	0	0	0	0	0	0	0	0	0	0	0	0	0.0073	0	0	0	0	0	0
"737"	"71433"	0	0	0	0	0	0	0	0	0	0	0	0	0	0	0	0	0	0	0	0	0	0	0	0	0	0	0	0	0	0	0.2813	0.3435	0.2344	0.3921	0.3749	0.2351	0.2315	0.2574	0.2286	0.229	0.1279	0.1455	0.1186	0.1849	0.1744	0	0	0	0	0	0	0	0	0	0	0	0	0	0	0	0	0	0	0	0	0	0	0	0	0	0	0	0	0	0	0	0	0	0	0	0	0	0	0	0	0	0	0	0	0	0.074	0.0795	0.0661	0.0504	0.0567	0	0	0	0	0
"738"	"1940610"	0	0	0	0	0	0	0	0	0	0	0	0	0	0	0	0	0	0	0	0	0	0	0	0	0	0	0	0	0	0	0.0955	0.1178	0.1169	0.0739	0.0909	0.0412	0.0388	0	0.0446	0.0461	0	0	0	0	0	0	0	0	0	0	0	0	0	0	0	0	0	0	0	0	0	0	0	0	0	0	0	0	0	0	0	0	0	0	0	0	0	0	0	0	0	0	0	0	0	0	0	0	0	0	0	0	0	0	0	0	0	0	0	0
"739"	"28077"	0	0	0	0	0	0	0	0	0	0	0	0	0	0	0	0	0	0	0	0	0	0	0	0	0	0	0	0	0	0	0.144	0.1211	0.1702	0.1163	0.1687	0.0739	0.0731	0.0556	0.0871	0.0906	0	0	0	0	0	0	0	0	0	0	0	0	0	0	0	0	0	0	0	0	0	0	0	0	0	0	0	0	0	0	0	0	0	0	0	0	0	0	0	0	0	0	0	0	0	0	0	0	0	0	0	0	0	0	0	0	0	0	0	0
"740"	"106590"	0	0	0	0	0	0	0	0	0	0	0	0	0	0	0	0	0	0	0	0	0	0	0	0	0	0	0	0	0	0	0.1584	0.1549	0.1962	0.1426	0.1802	0.0982	0.1053	0.1545	0.0869	0.1082	0	0	0	0	0	0	0	0	0	0	0	0	0	0	0	0	0	0	0	0	0	0	0	0	0	0	0	0	0	0	0	0	0	0	0	0	0	0	0	0	0	0	0	0	0	0	0	0	0	0	0	0	0	0.0187	0	0	0	0	0	0
"741"	"270351"	0	0	0	0	0	0	0	0	0	0	0	0	0	0	0	0	0	0	0	0	0	0	0	0	0	0	0	0	0	0	0.1339	0.1613	0.1612	0.1567	0.116	0.0481	0.0554	0.0768	0.0816	0.0665	0	0	0	0	0	0	0	0	0	0	0	0	0	0	0	0	0	0	0	0	0	0	0	0	0	0	0	0	0	0	0	0	0	0	0	0	0	0	0	0	0	0	0	0	0	0	0	0	0	0	0	0	0	0	0	0	0	0	0	0
"742"	"2765360"	0	0	0	0	0	0	0	0	0	0	0	0	0	0	0	0	0	0	0	0	0	0	0	0	0	0	0	0	0	0	0.0744	0.0592	0.0874	0.0725	0.0838	0	0	0	0	0	0	0	0	0	0	0	0	0	0	0	0	0	0	0	0	0	0	0	0	0	0	0	0	0	0	0	0	0	0	0	0	0	0	0	0	0	0	0	0	0	0	0	0	0	0	0	0	0	0	0	0	0	0	0	0	0	0	0	0	0
"743"	"321983"	0	0	0	0	0	0	0	0	0	0	0	0	0	0	0	0	0	0	0	0	0	0	0	0	0	0	0	0	0	0	0.0271	0.0512	0	0	0.0197	0	0	0	0	0	0	0	0	0	0	0	0	0	0	0	0	0	0	0	0	0	0	0	0	0	0	0	0	0	0	0	0	0	0	0	0	0	0	0	0	0	0	0	0	0	0	0	0	0	0	0	0	0	0	0	0	0	0	0	0	0	0	0	0	0
"744"	"240495"	0	0	0	0	0	0	0	0	0	0	0	0	0	0	0	0	0	0	0	0	0	0	0	0	0	0	0	0	0	0	0.127	0.123	0.1158	0.1228	0.1402	0.0909	0.0941	0.0584	0.0886	0.0594	0	0	0	0	0	0	0	0	0	0	0	0	0	0	0	0	0	0	0	0	0	0	0	0	0	0	0	0	0	0	0	0	0	0	0	0	0	0	0	0	0	0	0	0	0	0	0	0	0	0	0	0	0	0	0	0	0	0	0	0
"745"	"1141883"	0	0	0	0	0	0	0	0	0	0	0	0	0	0	0	0	0	0	0	0	0	0	0	0	0	0	0	0	0	0	0.2263	0.2436	0.208	0.2293	0.224	0.2028	0.171	0.189	0.1785	0.1675	0.0902	0.0877	0.0695	0.0742	0.0596	0	0	0	0	0	0	0	0	0	0	0	0	0	0	0	0	0	0	0	0	0	0	0	0	0	0	0	0	0	0	0	0	0	0	0	0	0	0	0	0	0	0	0	0	0	0.0514	0.031	0.043	0.0717	0.0309	0	0	0	0	0
"746"	"2045208"	0	0	0	0	0	0	0	0	0	0	0	0	0	0	0	0	0	0	0	0	0	0	0	0	0	0	0	0	0	0	0.0401	0.0767	0.0094	0.0344	0.0447	0	0	0	0	0	0	0	0	0	0	0	0	0	0	0	0	0	0	0	0	0	0	0	0	0	0	0	0	0	0	0	0	0	0	0	0	0	0	0	0	0	0	0	0	0	0	0	0	0	0	0	0	0	0	0	0	0	0	0	0	0	0	0	0	0
"747"	"2074"	0	0	0	0	0	0	0	0	0	0	0	0	0	0	0	0	0	0	0	0	0	0	0	0	0	0	0	0	0	0	0.0976	0.1334	0.1287	0.0874	0.1392	0.0467	0	0.0176	0.0633	0	0	0	0	0	0	0	0	0	0	0	0	0	0	0	0	0	0	0	0	0	0	0	0	0	0	0	0	0	0	0	0	0	0	0	0	0	0	0	0	0	0	0	0	0	0	0	0	0	0	0	0	0	0	0	0	0	0	0	0	0
"748"	"182640"	0	0	0	0	0	0	0	0	0	0	0	0	0	0	0	0	0	0	0	0	0	0	0	0	0	0	0	0	0	0	0.2103	0.2348	0.277	0.2666	0.2487	0.1791	0.1611	0.2037	0.2291	0.1492	0.079	0.0814	0.0824	0.0946	0	0	0	0	0	0	0	0	0	0	0	0	0	0	0	0	0	0	0	0	0	0	0	0	0	0	0	0	0	0	0	0	0	0	0	0	0	0	0	0	0	0	0	0	0	0	0.034	0.0223	0.0183	0.0566	0.0151	0	0	0	0	0
"749"	"252970"	0	0	0	0	0	0	0	0	0	0	0	0	0	0	0	0	0	0	0	0	0	0	0	0	0	0	0	0	0	0	0.2118	0.2364	0.1942	0.2731	0.2611	0.1794	0.1647	0.1672	0.2349	0.1495	0.0735	0.0864	0.0434	0.052	0	0	0	0	0	0	0	0	0	0	0	0	0	0	0	0	0	0	0	0	0	0	0	0	0	0	0	0	0	0	0	0	0	0	0	0	0	0	0	0	0	0	0	0	0	0	0.0344	0.0379	0.0203	0.0148	0.0234	0	0	0	0	0
"750"	"1387353"	0	0	0	0	0	0	0	0	0	0	0	0	0	0	0	0	0	0	0	0	0	0	0	0	0	0	0	0	0	0	0.2969	0.3513	0.242	0.2626	0.4005	0.2456	0.2347	0.2487	0.3147	0.2185	0.1372	0.1569	0.1171	0.1141	0.1176	0	0	0	0	0	0	0	0	0	0	0	0	0	0	0	0	0	0	0	0	0	0	0	0	0	0	0	0	0	0	0	0	0	0	0	0	0	0	0	0.004	0	0	0	0	0	0.0566	0.0549	0.0691	0.0557	0.0953	0	0	0	0	0
"751"	"35621"	0	0	0	0	0	0	0	0	0	0	0	0	0	0	0	0	0	0	0	0	0	0	0	0	0	0	0	0	0	0	0.1298	0.1271	0.177	0.1882	0.1404	0.0742	0.095	0.0631	0.0889	0.0665	0	0	0	0	0	0	0	0	0	0	0	0	0	0	0	0	0	0	0	0	0	0	0	0	0	0	0	0	0	0	0	0	0	0	0	0	0	0	0	0	0	0	0	0	0	0	0	0	0	0	0	0	0	0	0	0	0	0	0	0
"752"	"101571"	0	0	0	0	0	0	0	0	0	0	0	0	0	0	0	0	0	0	0	0	0	0	0	0	0	0	0	0	0	0	0.2605	0.2711	0.3492	0.3412	0.2356	0.23	0.1956	0.2134	0.2796	0.1876	0.1354	0.1084	0.0922	0.084	0.0852	0	0	0	0	0	0	0	0	0	0	0	0	0	0	0	0	0	0	0	0	0	0	0	0	0	0	0	0	0	0	0	0	0	0	0	0	0	0	0	0	0	0	0	0	0	0.0477	0.038	0.0536	0.0905	0.0405	0	0	0	0	0
"753"	"480035"	0	0	0	0	0	0	0	0	0	0	0	0	0	0	0	0	0	0	0	0	0	0	0	0	0	0	0	0	0	0	0.0345	0.0137	0	0.0465	0.043	0	0	0	0	0	0	0	0	0	0	0	0	0	0	0	0	0	0	0	0	0	0	0	0	0	0	0	0	0	0	0	0	0	0	0	0	0	0	0	0	0	0	0	0	0	0	0	0	0	0	0	0	0	0	0	0	0	0	0	0	0	0	0	0	0
"754"	"393003"	0	0	0	0	0	0	0	0	0	0	0	0	0	0	0	0	0	0	0	0	0	0	0	0	0	0	0	0	0	0	0.0809	0.1103	0.0659	0.0929	0.1003	0	0	0	0	0	0	0	0	0	0	0	0	0	0	0	0	0	0	0	0	0	0	0	0	0	0	0	0	0	0	0	0	0	0	0	0	0	0	0	0	0	0	0	0	0	0	0	0	0	0	0	0	0	0	0	0	0	0	0	0	0	0	0	0	0
"755"	"1888"	0	0	0	0	0	0	0	0	0	0	0	0	0	0	0	0	0	0	0	0	0	0	0	0	0	0	0	0	0	0	0.1365	0.139	0.1854	0.1922	0.1718	0.0979	0.1001	0.1274	0.1024	0.0977	0	0	0	0	0	0	0	0	0	0	0	0	0	0	0	0	0	0	0	0	0	0	0	0	0	0	0	0	0	0	0	0	0	0	0	0	0	0	0	0	0	0	0	0	0	0	0	0	0	0	0	0	0	0	0	0	0	0	0	0
"756"	"43992"	0	0	0	0	0	0	0	0	0	0	0	0	0	0	0	0	0	0	0	0	0	0	0	0	0	0	0	0	0	0	0.1016	0.1053	0.1515	0.095	0.1546	0.0446	0.0729	0.0665	0.0449	0.0477	0	0	0	0	0	0	0	0	0	0	0	0	0	0	0	0	0	0	0	0	0	0	0	0	0	0	0	0	0	0	0	0	0	0	0	0	0	0	0	0	0	0	0	0	0	0	0	0	0	0	0	0	0	0	0	0	0	0	0	0
"757"	"2749991"	0	0	0	0	0	0	0	0	0	0	0	0	0	0	0	0	0	0	0	0	0	0	0	0	0	0	0	0	0	0	0.1173	0.0993	0.1341	0.1292	0.1406	0.0231	0.0152	0.0414	0	0.022	0	0	0	0	0	0	0	0	0	0	0	0	0	0	0	0	0	0	0	0	0	0	0	0	0	0	0	0	0	0	0	0	0	0	0	0	0	0	0	0	0	0	0	0	0	0	0	0	0	0	0	0	0	0	0	0	0	0	0	0
"758"	"1325095"	0	0	0	0	0	0	0	0	0	0	0	0	0	0	0	0	0	0	0	0	0	0	0	0	0	0	0	0	0	0	0.1488	0.1418	0.1919	0.2003	0.157	0.1045	0.0901	0.1389	0.1101	0.0779	0	0	0	0	0	0	0	0	0	0	0	0	0	0	0	0	0	0	0	0	0	0	0	0	0	0	0	0	0	0	0	0	0	0	0	0	0	0	0	0	0	0	0	0	0	0	0	0	0	0	0	0	0	0	0	0	0	0	0	0
"759"	"292"	0	0	0	0	0	0	0	0	0	0	0	0	0	0	0	0	0	0	0	0	0	0	0	0	0	0	0	0	0	0	0.12	0.1012	0.1361	0.0907	0.1414	0.0293	0.062	0.0503	0.021	0.0329	0	0	0	0	0	0	0	0	0	0	0	0	0	0	0	0	0	0	0	0	0	0	0	0	0	0	0	0	0	0	0	0	0	0	0	0	0	0	0	0	0	0	0	0	0	0	0	0	0	0	0	0	0	0	0	0	0	0	0	0
"760"	"1325115"	0	0	0	0	0	0	0	0	0	0	0	0	0	0	0	0	0	0	0	0	0	0	0	0	0	0	0	0	0	0	0.0413	0.018	0.0675	0.0477	0.0456	0	0	0	0	0	0	0	0	0	0	0	0	0	0	0	0	0	0	0	0	0	0	0	0	0	0	0	0	0	0	0	0	0	0	0	0	0	0	0	0	0	0	0	0	0	0	0	0	0	0	0	0	0	0	0	0	0	0	0	0	0	0	0	0	0
"761"	"28095"	0	0	0	0	0	0	0	0	0	0	0	0	0	0	0	0	0	0	0	0	0	0	0	0	0	0	0	0	0	0	0.2985	0.3652	0.2575	0.2639	0.4025	0.2522	0.2516	0.2611	0.2363	0.2552	0.1437	0.1642	0.1347	0.1991	0.1896	0	0	0	0	0	0	0	0	0	0	0	0	0	0	0	0	0	0	0	0	0	0	0	0	0	0	0	0	0	0	0	0	0	0	0	0	0	0	0	0.016	0	0	0	0	0	0.084	0.0887	0.0526	0.096	0.058	0	0	0	0	0
"762"	"1836"	0	0	0	0	0	0	0	0	0	0	0	0	0	0	0	0	0	0	0	0	0	0	0	0	0	0	0	0	0	0	0.0505	0.0856	0.0315	0.054	0.0592	0	0	0	0	0	0	0	0	0	0	0	0	0	0	0	0	0	0	0	0	0	0	0	0	0	0	0	0	0	0	0	0	0	0	0	0	0	0	0	0	0	0	0	0	0	0	0	0	0	0	0	0	0	0	0	0	0	0	0	0	0	0	0	0	0
"763"	"47763"	0	0	0	0	0	0	0	0	0	0	0	0	0	0	0	0	0	0	0	0	0	0	0	0	0	0	0	0	0	0	0.1471	0.1332	0.1197	0.1913	0.1434	0.0849	0.0828	0.1053	0.0969	0.0668	0	0	0	0	0	0	0	0	0	0	0	0	0	0	0	0	0	0	0	0	0	0	0	0	0	0	0	0	0	0	0	0	0	0	0	0	0	0	0	0	0	0	0	0	0	0	0	0	0	0	0	0	0	0	0	0	0	0	0	0
"764"	"44255"	0	0	0	0	0	0	0	0	0	0	0	0	0	0	0	0	0	0	0	0	0	0	0	0	0	0	0	0	0	0	0.2271	0.3217	0.2104	0.239	0.2255	0.221	0.1977	0.2033	0.1903	0.1832	0.1181	0.1018	0.0867	0.1418	0.1305	0	0	0	0	0	0	0	0	0	0	0	0	0	0	0	0	0	0	0	0	0	0	0	0	0	0	0	0	0	0	0	0	0	0	0	0	0	0	0	0	0	0	0	0	0	0.0446	0.0347	0.0382	0.0869	0.0638	0	0	0	0	0
"765"	"380248"	0	0	0	0	0	0	0	0	0	0	0	0	0	0	0	0	0	0	0	0	0	0	0	0	0	0	0	0	0	0	0.202	0.2715	0.1921	0.263	0.2428	0.1686	0.1517	0.203	0.2171	0.1387	0.0675	0.0744	0.039	0.0869	0.1133	0	0	0	0	0	0	0	0	0	0	0	0	0	0	0	0	0	0	0	0	0	0	0	0	0	0	0	0	0	0	0	0	0	0	0	0	0	0	0	0	0	0	0	0	0	0.0331	0.0321	0.0172	0.0506	0.0483	0	0	0	0	0
"766"	"1761016"	0	0	0	0	0	0	0	0	0	0	0	0	0	0	0	0	0	0	0	0	0	0	0	0	0	0	0	0	0	0	0.2785	0.2989	0.2256	0.3808	0.2452	0.244	0.2177	0.2396	0.3106	0.2124	0.1587	0.1438	0.1172	0.0993	0.1662	0	0	0	0	0	0	0	0	0	0	0	0	0	0	0	0	0	0	0	0	0	0	0	0	0	0	0	0	0	0	0	0	0	0	0	0	0	0	0	0	0	0	0	0	0	0.0694	0.0503	0.0466	0.0947	0.0527	0	0	0	0	0
"767"	"312026"	0	0	0	0	0	0	0	0	0	0	0	0	0	0	0	0	0	0	0	0	0	0	0	0	0	0	0	0	0	0	0.159	0.1602	0.1407	0.1535	0.1938	0.1051	0.0989	0.1598	0.087	0.1117	0	0	0.0249	0	0	0	0	0	0	0	0	0	0	0	0	0	0	0	0	0	0	0	0	0	0	0	0	0	0	0	0	0	0	0	0	0	0	0	0	0	0	0	0	0	0	0	0	0	0	0	0	0	0	0.0242	0	0	0	0	0	0
"768"	"1325090"	0	0	0	0	0	0	0	0	0	0	0	0	0	0	0	0	0	0	0	0	0	0	0	0	0	0	0	0	0	0	0.1333	0.1846	0.1216	0.1267	0.1458	0.0947	0.0843	0.1189	0.1001	0.0937	0	0	0	0	0	0	0	0	0	0	0	0	0	0	0	0	0	0	0	0	0	0	0	0	0	0	0	0	0	0	0	0	0	0	0	0	0	0	0	0	0	0	0	0	0	0	0	0	0	0	0	0	0	0	0	0	0	0	0	0
"769"	"1035707"	0	0	0	0	0	0	0	0	0	0	0	0	0	0	0	0	0	0	0	0	0	0	0	0	0	0	0	0	0	0	0.2904	0.3489	0.3778	0.2592	0.384	0.2418	0.2327	0.2595	0.2311	0.213	0.1353	0.1532	0.1122	0.191	0.1175	0	0	0	0	0	0	0	0	0	0	0	0	0	0	0	0	0	0	0	0	0	0	0	0	0	0	0	0	0	0	0	0	0	0	0	0	0	0	0	0	0	0	0	0	0	0.0555	0.0549	0.0505	0.0953	0.0934	0	0	0	0	0
"770"	"1399419"	0	0	0	0	0	0	0	0	0	0	0	0	0	0	0	0	0	0	0	0	0	0	0	0	0	0	0	0	0	0	0.1225	0.1726	0.1696	0.1864	0.1388	0.0686	0.0905	0.0542	0.0862	0.059	0	0	0	0	0	0	0	0	0	0	0	0	0	0	0	0	0	0	0	0	0	0	0	0	0	0	0	0	0	0	0	0	0	0	0	0	0	0	0	0	0	0	0	0	0	0	0	0	0	0	0	0	0	0	0	0	0	0	0	0
"771"	"354355"	0	0	0	0	0	0	0	0	0	0	0	0	0	0	0	0	0	0	0	0	0	0	0	0	0	0	0	0	0	0	0.1842	0.2485	0.1683	0.2403	0.2243	0.1495	0.1301	0.1283	0.1823	0.113	0	0.0176	0	0	0	0	0	0	0	0	0	0	0	0	0	0	0	0	0	0	0	0	0	0	0	0	0	0	0	0	0	0	0	0	0	0	0	0	0	0	0	0	0	0	0	0	0	0	0	0	0.015	0.02	0.0251	0.0388	0	0	0	0	0	0
"772"	"667676"	0	0	0	0	0	0	0	0	0	0	0	0	0	0	0	0	0	0	0	0	0	0	0	0	0	0	0	0	0	0	0.1863	0.2556	0.1701	0.1882	0.2267	0.1466	0.1338	0.1377	0.1251	0.1151	0.035	0.0249	0.0462	0	0	0	0	0	0	0	0	0	0	0	0	0	0	0	0	0	0	0	0	0	0	0	0	0	0	0	0	0	0	0	0	0	0	0	0	0	0	0	0	0	0	0	0	0	0	0	0.0171	0	0.0269	0.0423	0.0306	0	0	0	0	0
"773"	"280332"	0	0	0	0	0	0	0	0	0	0	0	0	0	0	0	0	0	0	0	0	0	0	0	0	0	0	0	0	0	0	0.0985	0.0928	0.1158	0.0719	0.1187	0	0	0	0.0285	0.0456	0	0	0	0	0	0	0	0	0	0	0	0	0	0	0	0	0	0	0	0	0	0	0	0	0	0	0	0	0	0	0	0	0	0	0	0	0	0	0	0	0	0	0	0	0	0	0	0	0	0	0	0	0	0	0	0	0	0	0	0
"774"	"298654"	0	0	0	0	0	0	0	0	0	0	0	0	0	0	0	0	0	0	0	0	0	0	0	0	0	0	0	0	0	0	0.1603	0.1713	0.1525	0.1574	0.2073	0.1203	0.1172	0.1672	0.096	0.1137	0	0	0.0303	0.0279	0	0	0	0	0	0	0	0	0	0	0	0	0	0	0	0	0	0	0	0	0	0	0	0	0	0	0	0	0	0	0	0	0	0	0	0	0	0	0	0	0	0	0	0	0	0	0	0	0	0.0258	0	0	0	0	0	0
"775"	"92647"	0	0	0	0	0	0	0	0	0	0	0	0	0	0	0	0	0	0	0	0	0	0	0	0	0	0	0	0	0	0	0.2544	0.2741	0.3596	0.3559	0.2382	0.2313	0.1983	0.2209	0.2077	0.2056	0.1163	0.1131	0.0947	0.0861	0.0888	0	0	0	0	0	0	0	0	0	0	0	0	0	0	0	0	0	0	0	0	0	0	0	0	0	0	0	0	0	0	0	0	0	0	0	0	0	0	0	0	0	0	0	0	0	0.0599	0.0426	0.0415	0.0918	0.0758	0	0	0	0	0
"776"	"455432"	0	0	0	0	0	0	0	0	0	0	0	0	0	0	0	0	0	0	0	0	0	0	0	0	0	0	0	0	0	0	0.1101	0.115	0.1069	0.1056	0.1647	0.0804	0.0829	0.079	0.0532	0.0771	0	0	0	0	0	0	0	0	0	0	0	0	0	0	0	0	0	0	0	0	0	0	0	0	0	0	0	0	0	0	0	0	0	0	0	0	0	0	0	0	0	0	0	0	0	0	0	0	0	0	0	0	0	0	0	0	0	0	0	0
"777"	"204891"	0	0	0	0	0	0	0	0	0	0	0	0	0	0	0	0	0	0	0	0	0	0	0	0	0	0	0	0	0	0	0.0598	0.0967	0.0824	0.0722	0.079	0	0	0	0	0	0	0	0	0	0	0	0	0	0	0	0	0	0	0	0	0	0	0	0	0	0	0	0	0	0	0	0	0	0	0	0	0	0	0	0	0	0	0	0	0	0	0	0	0	0	0	0	0	0	0	0	0	0	0	0	0	0	0	0	0
"778"	"405783"	0	0	0	0	0	0	0	0	0	0	0	0	0	0	0	0	0	0	0	0	0	0	0	0	0	0	0	0	0	0	0.2433	0.2679	0.2146	0.3372	0.3365	0.2266	0.1891	0.2103	0.2068	0.1985	0.1311	0.1093	0.11	0.1633	0.1392	0	0	0	0	0	0	0	0	0	0	0	0	0	0	0	0	0	0	0	0	0	0	0	0	0	0	0	0	0	0	0	0	0	0	0	0	0	0	0	0	0	0	0	0	0	0.0465	0.0635	0.0528	0.0901	0.0729	0	0	0	0	0
"779"	"310780"	0	0	0	0	0	0	0	0	0	0	0	0	0	0	0	0	0	0	0	0	0	0	0	0	0	0	0	0	0	0	0.0437	0.0832	0.0272	0.0414	0.0471	0	0	0	0	0	0	0	0	0	0	0	0	0	0	0	0	0	0	0	0	0	0	0	0	0	0	0	0	0	0	0	0	0	0	0	0	0	0	0	0	0	0	0	0	0	0	0	0	0	0	0	0	0	0	0	0	0	0	0	0	0	0	0	0	0
"780"	"989370"	0	0	0	0	0	0	0	0	0	0	0	0	0	0	0	0	0	0	0	0	0	0	0	0	0	0	0	0	0	0	0.1323	0.1302	0.1169	0.1253	0.1426	0.0824	0.0812	0.1006	0.0913	0.0917	0	0	0	0	0	0	0	0	0	0	0	0	0	0	0	0	0	0	0	0	0	0	0	0	0	0	0	0	0	0	0	0	0	0	0	0	0	0	0	0	0	0	0	0	0	0	0	0	0	0	0	0	0	0	0	0	0	0	0	0
"781"	"37919"	0	0	0	0	0	0	0	0	0	0	0	0	0	0	0	0	0	0	0	0	0	0	0	0	0	0	0	0	0	0	0.0454	0.0254	0.0688	0.0394	0.0461	0	0	0	0	0	0	0	0	0	0	0	0	0	0	0	0	0	0	0	0	0	0	0	0	0	0	0	0	0	0	0	0	0	0	0	0	0	0	0	0	0	0	0	0	0	0	0	0	0	0	0	0	0	0	0	0	0	0	0	0	0	0	0	0	0
"782"	"1325107"	0	0	0	0	0	0	0	0	0	0	0	0	0	0	0	0	0	0	0	0	0	0	0	0	0	0	0	0	0	0	0.0266	0.0455	0.0449	0.0299	0	0	0	0	0	0	0	0	0	0	0	0	0	0	0	0	0	0	0	0	0	0	0	0	0	0	0	0	0	0	0	0	0	0	0	0	0	0	0	0	0	0	0	0	0	0	0	0	0	0	0	0	0	0	0	0	0	0	0	0	0	0	0	0	0	0
"783"	"196914"	0	0	0	0	0	0	0	0	0	0	0	0	0	0	0	0	0	0	0	0	0	0	0	0	0	0	0	0	0	0	0.1965	0.206	0.1792	0.1921	0.2341	0.1672	0.1341	0.1897	0.2004	0.1274	0.0463	0.0352	0.0202	0	0.0848	0	0	0	0	0	0	0	0	0	0	0	0	0	0	0	0	0	0	0	0	0	0	0	0	0	0	0	0	0	0	0	0	0	0	0	0	0	0	0	0	0	0	0	0	0	0.0255	0.0305	0.0317	0	0.0372	0	0	0	0	0
"784"	"80816"	0	0	0	0	0	0	0	0	0	0	0	0	0	0	0	0	0	0	0	0	0	0	0	0	0	0	0	0	0	0	0.074	0.0566	0.0531	0.0724	0.0814	0	0	0	0	0	0	0	0	0	0	0	0	0	0	0	0	0	0	0	0	0	0	0	0	0	0	0	0	0	0	0	0	0	0	0	0	0	0	0	0	0	0	0	0	0	0	0	0	0	0	0	0	0	0	0	0	0	0	0	0	0	0	0	0	0
"785"	"75105"	0	0	0	0	0	0	0	0	0	0	0	0	0	0	0	0	0	0	0	0	0	0	0	0	0	0	0	0	0	0	0.2224	0.2981	0.2911	0.2229	0.2206	0.1887	0.1762	0.1765	0.2446	0.1543	0.0796	0.068	0.0646	0.0631	0.0363	0	0	0	0	0	0	0	0	0	0	0	0	0	0	0	0	0	0	0	0	0	0	0	0	0	0	0	0	0	0	0	0	0	0	0	0	0	0	0	0	0	0	0	0	0	0.0468	0.0243	0.0253	0.025	0.0287	0	0	0	0	0
"786"	"70993"	0	0	0	0	0	0	0	0	0	0	0	0	0	0	0	0	0	0	0	0	0	0	0	0	0	0	0	0	0	0	0.0746	0.0698	0.0549	0.0527	0.0914	0	0	0	0	0	0	0	0	0	0	0	0	0	0	0	0	0	0	0	0	0	0	0	0	0	0	0	0	0	0	0	0	0	0	0	0	0	0	0	0	0	0	0	0	0	0	0	0	0	0	0	0	0	0	0	0	0	0	0	0	0	0	0	0	0
"787"	"235985"	0	0	0	0	0	0	0	0	0	0	0	0	0	0	0	0	0	0	0	0	0	0	0	0	0	0	0	0	0	0	0.1473	0.2145	0.1942	0.2051	0.1788	0.0953	0.1008	0.0782	0.1276	0.0852	0	0	0	0	0	0	0	0	0	0	0	0	0	0	0	0	0	0	0	0	0	0	0	0	0	0	0	0	0	0	0	0	0	0	0	0	0	0	0	0	0	0	0	0	0	0	0	0	0	0	0	0	0	0	0	0	0	0	0	0
"788"	"29448"	0	0	0	0	0	0	0	0	0	0	0	0	0	0	0	0	0	0	0	0	0	0	0	0	0	0	0	0	0	0	0.2044	0.2217	0.2521	0.1977	0.2417	0.162	0.1504	0.1565	0.2109	0.1318	0.0631	0.0676	0.0389	0.0843	0.0991	0	0	0	0	0	0	0	0	0	0	0	0	0	0	0	0	0	0	0	0	0	0	0	0	0	0	0	0	0	0	0	0	0	0	0	0	0	0	0	0	0	0	0	0	0	0.0314	0.032	0.014	0	0.0102	0	0	0	0	0
"789"	"122358"	0	0	0	0	0	0	0	0	0	0	0	0	0	0	0	0	0	0	0	0	0	0	0	0	0	0	0	0	0	0	0.0484	0.0492	0.0474	0.0663	0.0613	0	0	0	0	0	0	0	0	0	0	0	0	0	0	0	0	0	0	0	0	0	0	0	0	0	0	0	0	0	0	0	0	0	0	0	0	0	0	0	0	0	0	0	0	0	0	0	0	0	0	0	0	0	0	0	0	0	0	0	0	0	0	0	0	0
"790"	"46165"	0	0	0	0	0	0	0	0	0	0	0	0	0	0	0	0	0	0	0	0	0	0	0	0	0	0	0	0	0	0	0.1012	0.1031	0.1369	0.1308	0.102	0.0348	0.0241	0.0518	0.0246	0.0384	0	0	0	0	0	0	0	0	0	0	0	0	0	0	0	0	0	0	0	0	0	0	0	0	0	0	0	0	0	0	0	0	0	0	0	0	0	0	0	0	0	0	0	0	0	0	0	0	0	0	0	0	0	0	0	0	0	0	0	0
"791"	"1912"	0	0	0	0	0	0	0	0	0	0	0	0	0	0	0	0	0	0	0	0	0	0	0	0	0	0	0	0	0	0	0.175	0.2211	0.1548	0.2287	0.2098	0.1209	0.1016	0.0858	0.1443	0.0985	0	0	0	0.0381	0	0	0	0	0	0	0	0	0	0	0	0	0	0	0	0	0	0	0	0	0	0	0	0	0	0	0	0	0	0	0	0	0	0	0	0	0	0	0	0	0	0	0	0	0	0	0	0	0	0	0	0	0	0	0	0
"792"	"2001"	0	0	0	0	0	0	0	0	0	0	0	0	0	0	0	0	0	0	0	0	0	0	0	0	0	0	0	0	0	0	0.2318	0.3278	0.3401	0.3348	0.2303	0.2187	0.2037	0.2307	0.1912	0.1813	0.1115	0.1068	0.0887	0.1505	0.0779	0	0	0	0	0	0	0	0	0	0	0	0	0	0	0	0	0	0	0	0	0	0	0	0	0	0	0	0	0	0	0	0	0	0	0	0	0	0	0	0	0	0	0	0	0	0.0573	0.0374	0.0391	0.0301	0.0671	0	0	0	0	0
"793"	"2547399"	0	0	0	0	0	0	0	0	0	0	0	0	0	0	0	0	0	0	0	0	0	0	0	0	0	0	0	0	0	0	0.0969	0.1177	0.115	0.1133	0.1173	0.035	0.0336	0	0	0	0	0	0	0	0	0	0	0	0	0	0	0	0	0	0	0	0	0	0	0	0	0	0	0	0	0	0	0	0	0	0	0	0	0	0	0	0	0	0	0	0	0	0	0	0	0	0	0	0	0	0	0	0	0	0	0	0	0	0	0
"794"	"282685"	0	0	0	0	0	0	0	0	0	0	0	0	0	0	0	0	0	0	0	0	0	0	0	0	0	0	0	0	0	0	0.27	0.3371	0.2219	0.3734	0.3736	0.2401	0.2141	0.2257	0.3023	0.2017	0.1443	0.1365	0.1083	0.1796	0.1505	0	0	0	0	0	0	0	0	0	0	0	0	0	0	0	0	0	0	0	0	0	0	0	0	0	0	0	0	0	0	0	0	0	0	0	0	0	0	0	0	0	0	0	0	0	0.0518	0.0746	0.0598	0.0481	0.05	0	0	0	0	0
"795"	"103733"	0	0	0	0	0	0	0	0	0	0	0	0	0	0	0	0	0	0	0	0	0	0	0	0	0	0	0	0	0	0	0.0271	0	0	0.0205	0.0394	0	0	0	0	0	0	0	0	0	0	0	0	0	0	0	0	0	0	0	0	0	0	0	0	0	0	0	0	0	0	0	0	0	0	0	0	0	0	0	0	0	0	0	0	0	0	0	0	0	0	0	0	0	0	0	0	0	0	0	0	0	0	0	0	0
"796"	"52"	0	0	0	0	0	0	0	0	0	0	0	0	0	0	0	0	0	0	0	0	0	0	0	0	0	0	0	0	0	0	0.135	0.1123	0.1054	0.1568	0.1218	0.0747	0.059	0.0462	0.0833	0.0667	0	0	0	0	0	0	0	0	0	0	0	0	0	0	0	0	0	0	0	0	0	0	0	0	0	0	0	0	0	0	0	0	0	0	0	0	0	0	0	0	0	0	0	0	0	0	0	0	0	0	0	0	0	0	0	0	0	0	0	0
"797"	"53362"	0	0	0	0	0	0	0	0	0	0	0	0	0	0	0	0	0	0	0	0	0	0	0	0	0	0	0	0	0	0	0.1367	0.193	0.1233	0.1967	0.1554	0.0854	0.0867	0.1312	0.0801	0.0739	0	0	0	0	0	0	0	0	0	0	0	0	0	0	0	0	0	0	0	0	0	0	0	0	0	0	0	0	0	0	0	0	0	0	0	0	0	0	0	0	0	0	0	0	0	0	0	0	0	0	0	0	0	0	0	0	0	0	0	0
"798"	"93944"	0	0	0	0	0	0	0	0	0	0	0	0	0	0	0	0	0	0	0	0	0	0	0	0	0	0	0	0	0	0	0.031	0.0616	0	0.0402	0.0423	0	0	0	0	0	0	0	0	0	0	0	0	0	0	0	0	0	0	0	0	0	0	0	0	0	0	0	0	0	0	0	0	0	0	0	0	0	0	0	0	0	0	0	0	0	0	0	0	0	0	0	0	0	0	0	0	0	0	0	0	0	0	0	0	0
"799"	"83451"	0	0	0	0	0	0	0	0	0	0	0	0	0	0	0	0	0	0	0	0	0	0	0	0	0	0	0	0	0	0	0.1584	0.1652	0.1438	0.154	0.1704	0.1064	0.1129	0.0847	0.1431	0.0909	0	0	0	0	0	0	0	0	0	0	0	0	0	0	0	0	0	0	0	0	0	0	0	0	0	0	0	0	0	0	0	0	0	0	0	0	0	0	0	0	0	0	0	0	0	0	0	0	0	0	0	0	0	0	0	0	0	0	0	0
"806"	"47850"	0	0	0	0	0	0	0	0	0	0	0	0	0	0	0	0	0	0	0	0	0	0	0	0	0	0	0	0	0	0	0	0.0562	0.0504	0.0334	0.0244	0	0	0	0	0	0	0	0	0	0	0	0	0	0	0	0	0	0	0	0	0	0	0	0	0	0	0	0	0	0	0	0	0	0	0	0	0	0	0	0	0	0	0	0	0	0	0	0	0	0	0	0	0	0	0	0	0	0	0	0	0	0	0	0	0
"807"	"317"	0	0	0	0	0	0	0	0	0	0	0	0	0	0	0	0	0	0	0	0	0	0	0	0	0	0	0	0	0	0	0	0.0311	0.0345	0	0	0	0	0	0	0	0	0	0	0	0	0	0	0	0	0	0	0	0	0	0	0	0	0	0	0	0	0	0	0	0	0	0	0	0	0	0	0	0	0	0	0	0	0	0	0	0	0	0	0	0	0	0	0	0	0	0	0	0	0	0	0	0	0	0	0
"808"	"475937"	0	0	0	0	0	0	0	0	0	0	0	0	0	0	0	0	0	0	0	0	0	0	0	0	0	0	0	0	0	0	0	0.0213	0	0	0	0	0	0	0	0	0	0	0	0	0	0	0	0	0	0	0	0	0	0	0	0	0	0	0	0	0	0	0	0	0	0	0	0	0	0	0	0	0	0	0	0	0	0	0	0	0	0	0	0	0	0	0	0	0	0	0	0	0	0	0	0	0	0	0	0
"809"	"94624"	0	0	0	0	0	0	0	0	0	0	0	0	0	0	0	0	0	0	0	0	0	0	0	0	0	0	0	0	0	0	0	0.0154	0	0	0	0	0	0	0	0	0	0	0	0	0	0	0	0	0	0	0	0	0	0	0	0	0	0	0	0	0	0	0	0	0	0	0	0	0	0	0	0	0	0	0	0	0	0	0	0	0	0	0	0	0	0	0	0	0	0	0	0	0	0	0	0	0	0	0	0
"810"	"921"	0	0	0	0	0	0	0	0	0	0	0	0	0	0	0	0	0	0	0	0	0	0	0	0	0	0	0	0	0	0	0	0.0393	0	0	0	0	0	0	0	0	0	0	0	0	0	0	0	0	0	0	0	0	0	0	0	0	0	0	0	0	0	0	0	0	0	0	0	0	0	0	0	0	0	0	0	0	0	0	0	0	0	0	0	0	0	0	0	0	0	0	0	0	0	0	0	0	0	0	0	0
"811"	"2789776"	0	0	0	0	0	0	0	0	0	0	0	0	0	0	0	0	0	0	0	0	0	0	0	0	0	0	0	0	0	0	0	0.0216	0	0	0	0	0	0	0	0	0	0	0	0	0	0	0	0	0	0	0	0	0	0	0	0	0	0	0	0	0	0	0	0	0	0	0	0	0	0	0	0	0	0	0	0	0	0	0	0	0	0	0	0	0	0	0	0	0	0	0	0	0	0	0	0	0	0	0	0
"812"	"864828"	0	0	0	0	0	0	0	0	0	0	0	0	0	0	0	0	0	0	0	0	0	0	0	0	0	0	0	0	0	0	0	0.0332	0	0	0	0	0	0	0	0	0	0	0	0	0	0	0	0	0	0	0	0	0	0	0	0	0	0	0	0	0	0	0	0	0	0	0	0	0	0	0	0	0	0	0	0	0	0	0	0	0	0	0	0	0	0	0	0	0	0	0	0	0	0	0	0	0	0	0	0
"813"	"404386"	0	0	0	0	0	0	0	0	0	0	0	0	0	0	0	0	0	0	0	0	0	0	0	0	0	0	0	0	0	0	0	0.0357	0.0379	0	0	0	0	0	0	0	0	0	0	0	0	0	0	0	0	0	0	0	0	0	0	0	0	0	0	0	0	0	0	0	0	0	0	0	0	0	0	0	0	0	0	0	0	0	0	0	0	0	0	0	0	0	0	0	0	0	0	0	0	0	0	0	0	0	0	0
"814"	"103731"	0	0	0	0	0	0	0	0	0	0	0	0	0	0	0	0	0	0	0	0	0	0	0	0	0	0	0	0	0	0	0	0.0088	0.0272	0	0	0	0	0	0	0	0	0	0	0	0	0	0	0	0	0	0	0	0	0	0	0	0	0	0	0	0	0	0	0	0	0	0	0	0	0	0	0	0	0	0	0	0	0	0	0	0	0	0	0	0	0	0	0	0	0	0	0	0	0	0	0	0	0	0	0
"818"	"2014887"	0	0	0	0	0	0	0	0	0	0	0	0	0	0	0	0	0	0	0	0	0	0	0	0	0	0	0	0	0	0	0	0	0.0279	0	0	0	0	0	0	0	0	0	0	0	0	0	0	0	0	0	0	0	0	0	0	0	0	0	0	0	0	0	0	0	0	0	0	0	0	0	0	0	0	0	0	0	0	0	0	0	0	0	0	0	0	0	0	0	0	0	0	0	0	0	0	0	0	0	0	0
"819"	"1868589"	0	0	0	0	0	0	0	0	0	0	0	0	0	0	0	0	0	0	0	0	0	0	0	0	0	0	0	0	0	0	0	0	0.0243	0	0	0	0	0	0	0	0	0	0	0	0	0	0	0	0	0	0	0	0	0	0	0	0	0	0	0	0	0	0	0	0	0	0	0	0	0	0	0	0	0	0	0	0	0	0	0	0	0	0	0	0	0	0	0	0	0	0	0	0	0	0	0	0	0	0	0
"820"	"665118"	0	0	0	0	0	0	0	0	0	0	0	0	0	0	0	0	0	0	0	0	0	0	0	0	0	0	0	0	0	0	0	0	0.0289	0	0	0	0	0	0	0	0	0	0	0	0	0	0	0	0	0	0	0	0	0	0	0	0	0	0	0	0	0	0	0	0	0	0	0	0	0	0	0	0	0	0	0	0	0	0	0	0	0	0	0	0	0	0	0	0	0	0	0	0	0	0	0	0	0	0	0
"821"	"106592"	0	0	0	0	0	0	0	0	0	0	0	0	0	0	0	0	0	0	0	0	0	0	0	0	0	0	0	0	0	0	0	0	0.0329	0	0	0	0	0	0	0	0	0	0	0	0	0	0	0	0	0	0	0	0	0	0	0	0	0	0	0	0	0	0	0	0	0	0	0	0	0	0	0	0	0	0	0	0	0	0	0	0	0	0	0	0	0	0	0	0	0	0	0	0	0	0	0	0	0	0	0
"822"	"1247936"	0	0	0	0	0	0	0	0	0	0	0	0	0	0	0	0	0	0	0	0	0	0	0	0	0	0	0	0	0	0	0	0	0.048	0.0307	0.0222	0	0	0	0	0	0	0	0	0	0	0	0	0	0	0	0	0	0	0	0	0	0	0	0	0	0	0	0	0	0	0	0	0	0	0	0	0	0	0	0	0	0	0	0	0	0	0	0	0	0	0	0	0	0	0	0	0	0	0	0	0	0	0	0	0
"823"	"2571748"	0	0	0	0	0	0	0	0	0	0	0	0	0	0	0	0	0	0	0	0	0	0	0	0	0	0	0	0	0	0	0	0	0.0183	0	0	0	0	0	0	0	0	0	0	0	0	0	0	0	0	0	0	0	0	0	0	0	0	0	0	0	0	0	0	0	0	0	0	0	0	0	0	0	0	0	0	0	0	0	0	0	0	0	0	0	0	0	0	0	0	0	0	0	0	0	0	0	0	0	0	0
"824"	"715473"	0	0	0	0	0	0	0	0	0	0	0	0	0	0	0	0	0	0	0	0	0	0	0	0	0	0	0	0	0	0	0	0	0.009	0	0	0	0	0	0	0	0	0	0	0	0	0	0	0	0	0	0	0	0	0	0	0	0	0	0	0	0	0	0	0	0	0	0	0	0	0	0	0	0	0	0	0	0	0	0	0	0	0	0	0	0	0	0	0	0	0	0	0	0	0	0	0	0	0	0	0
"826"	"29303"	0	0	0	0	0	0	0	0	0	0	0	0	0	0	0	0	0	0	0	0	0	0	0	0	0	0	0	0	0	0	0	0	0	0.0199	0	0	0	0	0	0	0	0	0	0	0	0	0	0	0	0	0	0	0	0	0	0	0	0	0	0	0	0	0	0	0	0	0	0	0	0	0	0	0	0	0	0	0	0	0	0	0	0	0	0	0	0	0	0	0	0	0	0	0	0	0	0	0	0	0	0
"827"	"748909"	0	0	0	0	0	0	0	0	0	0	0	0	0	0	0	0	0	0	0	0	0	0	0	0	0	0	0	0	0	0	0	0	0	0	0.0213	0	0	0	0	0	0	0	0	0	0	0	0	0	0	0	0	0	0	0	0	0	0	0	0	0	0	0	0	0	0	0	0	0	0	0	0	0	0	0	0	0	0	0	0	0	0	0	0	0	0	0	0	0	0	0	0	0	0	0	0	0	0	0	0	0
"317"	"UNCLASSIFIED"	76.5091	76.8504	76.2603	76.3614	76.4588	75.9192	76.0463	76.4442	76.4774	76.1621	76.2555	76.5254	76.9587	76.174	76.1679	75.9562	76.2707	75.7588	76.6409	76.3784	76.0892	75.7279	76.2279	76.0078	76.5562	75.7909	75.6317	75.6495	75.926	75.6402	2.6463	2.0886999999999	1.75320000000008	2.88219999999993	1.71420000000001	27.1827999999999	26.7172	27.0623	27.3814	30.5375	51.2191	52.0557	52.5927	52.0395	50.9503	76.1829	75.958	76.2549	75.7722	77.832	76.0203	76.2121	76.2549	75.7722	76.5028	75.9322	76.9282	76.2549	76.5428	75.909	76.0137	76.2549	75.7722	76.9243	76.2807	100	100	100	100	100	75.9758	76.6643	78.321	77.1938	75.9929	75.1041	81.9066	75.3889	80.5129	75.5841	76.3624	76.2043	76.3687	75.7841	75.9608	77.1137	76.5712	75.9967	75.7554	76.3245	75.9141	75.7139	75.7673	75.5616	75.5477	76.4188	76.3667	81.6425	76.5102	77.0173
