1003195
1032480
103733
1038929
1047172
1055524
106370
106590
1076
1082933
1110502
1114943
1115757
1121120
1123269
1126
1141883
1160721
1173025
1196094
1197460
1214242
122358
1229205
1245469
1246995
1274631
1275962
1278073
1294270
1296669
1297617
1297742
1300347
1303590
1323664
132474
1325083
1325090
1325095
1325100
1325107
1325115
1325120
1325724
1335043
134536
134537
1349767
135487
1355477
13690
138532
1387353
1390116
1390395
1391654
1402210
1404367
1404411
1404443
1404864
1413221
1415166
1441467
1458985
1477
1484693
148814
150026
1521117
1522
153496
1537274
1549858
1550024
155892
1560345
1593482
160791
1609977
1616117
1617283
1641165
1643322
1644131
164546
1658665
1678028
1678128
1679497
169427
169430
1707785
1708
172043
1737424
1761016
1763535
1767
1775
1780
179408
179636
1804624
1824
1834519
1836
1842533
1842727
184914
1850238
1851514
1854057
1858
1888
1892855
1894
1901
190148
1904616
1909395
1912
1915
192
1930273
1938606
1940610
1969
1982626
198620
2010829
2010972
2018025
2026199
2045
2045208
204891
2056258
2057741
2064643
2072590
2074
2082385
208479
2086584
2093857
2109915
2126346
2135430
2136173
2144175
215580
2183896
222819
2249356
225991
2268087
228602
247480
2478662
2479767
2493668
2496836
2509614
2527691
2527984
2528010
2528021
2528964
2548456
2565368
2571746
2571747
2590869
2596912
2602016
2604047
2604421
262316
265293
2653200
2653852
2654982
266264
266265
2684469
2686304
2692234
2695266
2697032
2703787
2704468
2705012
2707299
2712223
2714358
2714952
2716225
2722752
2724914
2725414
272560
2728020
2728021
2728835
2736640
2741720
2742135
2742137
2743470
2744521
2745503
2748629
2749991
2752316
2754056
2755382
2763006
2763062
2763498
2763672
2765360
2769491
2774189
2774190
2778082
2797636
2798804
2800818
2802641
28095
28104
2816357
2822760
2823693
2823807
2824561
2835787
284034
2840469
28447
2849666
2849779
2852099
2861282
2861283
2861284
2861782
2862331
2865673
287
2878388
2879618
2884022
2884455
2887346
2892442
2893471
2899220
2907545
2919578
292
292462
292800
293
294
2952571
29581
296591
2970906
298654
2994495
2995658
301301
303
305
311230
311231
316
317
321983
326424
33047
333
338969
339
34
34073
35
350058
358
358220
365044
368607
36863
37326
37329
37332
375
376686
378806
380
384
391038
39485
39488
395019
395495
398053
398527
40318
40324
408
410072
411468
411470
411474
41276
413882
416169
420662
420953
424188
43
435897
441620
450851
452652
453304
45398
455432
459526
465721
469383
471857
47763
47878
479431
479432
479433
479435
48
480035
483547
485918
496014
502025
52
526225
530564
53362
53376
536019
536231
538025
543736
551996
553814
56
56110
573065
582702
588932
594
60548
633149
639200
643561
649756
652764
65656
659352
664962
666685
667015
67304
674079
680198
68895
69
69666
73044
749414
754035
754502
75612
758826
76731
81479
820
82633
83451
853
85698
858422
858423
861299
864828
871742
88688
92647
927083
93064
931866
93220
93944
94
94132
946333
953739
96344
964
983917
1048689
1064539
1077946
1109412
1138383
1179672
118613
1190567
126673
1352936
1352941
1436085
1454205
1464
147212
1496
1531
1535768
162426
1725411
173860
1747
1798223
180282
1823
1833
1842537
1844971
1858609
1871021
1882757
1903276
1916
1926494
1927
1971
1979344
2014920
2078691
209247
2175864
2201350
2201356
2306165
2419772
2419774
2493677
2518343
2527979
2528203
2547399
2571749
2585716
2592654
2594457
2594463
2596916
2599819
2609807
2609808
2609809
2614441
2651974
2675524
2705547
2708539
2710756
2721243
2722756
2730915
2735434
2738843
2755405
2758442
2759955
2775920
278148
2781734
2781978
2785531
2792859
2795974
2811425
2812560
2813577
2813578
2838015
285
2866715
2875706
3014751
321662
321984
33069
331696
35621
363952
36746
376219
381
39687
412690
43348
434010
443156
46165
51201
537970
546871
546874
55213
553510
558537
573
595
598467
642780
652787
657313
657314
657315
66425
675635
675864
710111
717960
717962
80867
83291
83637
986
102129
1034
105560
1097667
110539
1203592
121719
123841
13373
161493
171437
1764
182640
1852
1859
1861
193
196914
2001
2035
2066
219571
223967
240495
252970
256618
2710826
28077
284016
28450
28901
29448
29449
316997
34029
347483
36873
376805
37919
392589
44255
445220
446660
467481
47229
47850
536018
544911
54571
587753
593909
665951
70993
71433
72556
735331
74313
76891
78587
80816
80866
83455
87883
88431
912
92490
92645
1005944
1005945
101571
1035707
1045774
10680
108015
1129145
1164594
1165689
119219
1263869
1265734
1300035
1379159
1399419
1505087
1527607
1547922
1619308
1631247
1718918
1856
1873897
1930
1941478
2011081
235985
244366
280332
28092
29529
29539
304901
326475
33
33043
34103
347324
347331
35343
354355
364032
37330
393003
39645
399100
402596
431060
445710
450734
458836
482957
504346
536980
551987
563176
56454
667676
690879
75105
758825
989370
1196083
1268043
138336
1428
1437360
145483
151755
1702285
1715004
1720300
172044
1898203
1898204
1898207
1904807
1909294
2027860
2030927
2049045
21
2173106
230310
2341021
2485925
2585206
263910
266127
2681404
268141
268404
2699483
270351
270368
2709661
2721607
2721610
2723084
28068
282685
286638
2943705
304
312026
346179
350
35700
364039
37925
397260
397278
405783
416944
41986
477641
478010
47994
522259
55508
58347
614212
630921
65048
651143
670293
67352
685828
74329
86796
100133
100176
1002118
1002529
1002689
1002870
1003181
1003893
1004557
100468
1005148
1005285
1005286
1005301
1005315
1005329
1005628
1006847
1006904
1007090
1007091
1007516
100886
1009459
1009682
1010767
1010772
101391
101392
101399
1017095
102232
102421
102456
1026755
1027475
1027580
1027582
1027583
1027590
1027594
1027596
1027598
1027607
1027962
1028232
1028253
1029590
1029595
1029606
1029613
1029617
1029618
1029621
1029654
1029910
1030104
1030311
1030324
1031224
1031364
1031426
1031594
103232
1032347
1032476
1032727
1033887
1035097
1035102
1035104
1035261
1035350
1035611
1036180
1036331
103729
103731
103837
103855
1038932
1040772
104087
1041129
1041293
1041297
1041824
104207
1042156
1042979
1045539
104623
104665
1047155
1048
1048221
1048224
1048316
1048390
1048510
1048659
1048745
1048746
1048760
1049013
1050143
1050362
1051427
1051558
1051563
1052117
1052568
1053033
1053041
1054039
105418
1054567
1054579
1056774
105842
106147
106588
1066
106634
1069220
1070677
1070898
1071630
1071852
1071860
1072150
1072151
1072316
1072642
1073851
1073855
1074233
1074890
1076243
1076297
1076402
1077698
1077944
1078025
1079224
1079593
1079704
1081642
1081782
1082851
1084202
1084203
1084225
1084453
1084982
1085755
1085822
1085870
1085871
1085975
1086503
1086511
1086522
1086529
1086531
1086644
1087196
108981
1090075
1090116
1090123
109319
109327
1095562
1095571
1095574
1095601
1095606
1096603
1097322
1100893
1101398
1101404
1104773
1104774
1104780
1108979
1108984
1109300
1109311
1109317
1110557
1110562
1110679
1111135
1111948
1111976
1111993
1112846
1112849
1113622
1113810
1114353
1114375
1114419
1114420
1114486
1114515
1114538
1114557
111564
1116363
111772
1119061
1119079
1119084
1119183
1120034
1120627
1120657
1120659
1120680
1122
1125601
1125602
1125605
1125606
1125607
1125610
1125614
1125670
1126424
1126427
1126430
1126842
1127671
112777
1128133
1128660
1129266
1130156
1130189
1130749
1131229
1131232
113220
1133701
1134568
1134569
113567
1136009
1136011
1136014
1136760
1136937
1136939
1137441
1137450
1137620
1138189
1138822
1140140
1140406
1140409
1141198
1141228
1141354
1141650
1144214
1144872
1144874
1145004
1145103
1145319
114688
1146890
1147683
1148057
1148250
1148315
1149773
1149975
1149991
1150013
1150014
1150015
1151458
1151459
1151476
1151488
1151504
1151535
1151587
1151608
1151664
1151692
1151713
1154589
115546
1157
115721
116028
116085
1167
117
117680
119051
119853
120339
120357
120484
1208188
121717
121873
122365
122594
1240145
124035
125
1254
1255
125889
125945
1264
1265
126572
126573
1275
12917
129847
130770
1309
13160
132144
133845
133923
134552
134635
134636
1353
1354
135948
1363
136402
136624
13688
136996
137658
137720
138074
1399
1402
1408
141391
1423
142589
143495
143801
143804
143816
145458
146487
146819
147728
148375
148376
148377
148447
150723
152142
152534
152682
1529183
153493
1535
153590
153678
1544
155004
155010
155865
156453
156456
156583
157119
1575
157910
1580
1582
158627
158836
158888
158990
159478
159731
1598
1600
1603
1604
160661
1612
1613
1614
162299
162393
1624
163359
164348
164393
166589
167468
167643
168935
169283
169434
169760
170367
1710
1713
171404
1718
1732
173970
176291
176293
176916
1772
1773
1778
1779
1783
1785
180164
180286
180311
180332
181555
181896
182337
182693
182697
1828
183670
183795
184270
184756
185008
187054
187055
187068
187304
187326
188579
188644
188672
188679
188691
188913
189060
189062
189425
189539
1896
189739
1902
190481
190893
191298
191389
191863
1919
192117
1928
193142
1934
1941
1942
194326
194432
194436
194437
194438
194703
1951
1952
195919
195927
195930
1960
1961
1963
196367
196823
196840
198304
198342
1992
200134
200451
200452
2006
200618
200624
201423
201530
202909
202964
203520
203962
204072
204925
205842
206045
2065
206506
2075
207604
207689
207731
207733
209079
209649
210
210402
210403
210686
210716
212181
212778
213804
214106
214736
214739
214768
214789
2148
214855
214856
215529
2162
217075
217205
218
218154
218157
218538
219649
220405
221145
221240
221281
221295
2213
221588
222601
223381
223389
225846
225875
225915
228006
229920
229921
230185
230329
231048
231455
231507
231982
2325
232929
234330
234666
234674
234675
2350
235244
235333
235366
235626
235931
236126
236248
236249
2371
237264
237267
237274
237499
237583
237612
238012
238083
239794
239856
239876
239906
24
240237
241413
241416
241607
242067
242129
242131
242161
242162
243063
243261
244135
244362
244651
244677
244881
245291
245292
245301
245305
246615
247465
248967
251434
252307
253237
254161
254745
254751
254754
254788
255
255205
257481
257497
257992
258051
258052
258130
258475
259063
2599290
260338
260461
260918
260922
260934
261302
264463
264641
265177
265343
265429
265606
266128
266830
266847
266859
266860
267774
268365
2683688
2683689
269146
271420
272063
272240
2724
2739
278057
278139
278956
279262
279572
279827
279832
28028
280283
28042
28045
28052
280598
28091
281105
28113
28141
28176
28185
28187
28214
28220
282684
283473
28446
28449
28454
284597
284598
285514
285536
285666
286420
286727
286731
286804
287844
287957
288000
288003
288022
28893
289370
290055
290364
290472
290490
290493
291644
29290
29299
29303
29313
293371
29346
29347
29361
29364
293647
293828
293884
29401
29427
29435
29442
294660
29486
294873
29494
29523
296
296593
296605
296981
296983
296994
296997
297330
298
298163
298181
298265
298653
299421
299434
299618
300
300181
300182
301
301154
301384
304379
304417
305699
305793
306
3074428
307483
308046
308050
308052
309473
310300
310400
310727
310728
311238
312268
313378
313805
313869
314679
314687
316529
316546
319055
319246
31998
32002
32013
32025
32040
32057
32062
320768
320776
320871
320873
320876
320878
320882
321153
321895
321982
323275
323725
324611
325226
326445
326477
327160
328839
329649
330032
330038
330051
330059
330234
330242
33035
33038
33045
33056
330836
330920
331682
332242
332243
332409
332582
332932
332977
333297
335020
335654
337005
337020
337285
337315
338586
338613
33871
33878
338792
338802
33888
33897
33903
33934
33953
339691
33996
34002
34011
340118
34013
340148
340477
340483
34070
34071
340724
340847
34085
341199
342448
342666
343045
343420
343517
343612
344459
344880
344883
344996
345006
345007
34506
347786
348582
348842
348887
349759
349776
349778
349781
349822
349846
349849
349850
349851
349852
349854
352164
353
353164
353797
354182
35517
35622
356558
35703
357511
35814
35818
35824
35839
358707
358743
358759
358766
359
359068
359358
360054
360412
360807
360833
361204
361492
361493
362059
362066
362780
363631
363834
363893
363895
363953
364278
364309
366342
366391
366543
366557
366563
366565
366589
366602
367161
367164
36773
367753
36835
368435
368436
369746
370111
370959
370976
371032
371608
372040
372485
373054
37327
37333
373638
373982
374161
37448
374513
374869
375752
376
37635
376464
37658
376736
376815
376926
376934
378554
378575
37916
37928
38
380019
380023
38025
381299
381665
381742
382
38323
384268
384636
385681
386301
387092
387365
387656
388762
388764
388768
391
391287
391596
391922
391953
392303
392306
392333
392436
392441
392455
392469
392596
393250
393251
393313
393607
394065
394093
394491
39479
39484
39491
39495
395085
397277
397286
39769
39770
397865
398
39844
39846
398554
398773
398934
399
399370
399473
399765
399943
400055
400163
400165
400771
400775
400836
401989
401996
402648
403639
403935
403962
404288
404403
404589
404883
404996
40519
406424
406548
406787
40681
407029
407180
407300
407312
407315
407345
40754
408014
408022
408037
408108
409
409008
409460
409463
410064
411629
411633
41216
412594
412716
412732
41315
413346
413374
413556
413564
413590
414046
414049
414465
414682
415068
415072
416170
41672
416863
416943
416955
417290
417745
418184
418305
418647
418699
41899
419177
419178
419473
419476
419478
41988
421888
42236
422441
42256
423350
425005
426
426716
427596
427600
428629
428730
430530
430551
430684
431058
43143
431499
431673
431677
431761
431790
431804
43263
433286
433332
433614
433982
434002
434004
434087
434311
435978
435994
43617
436230
436397
436446
437
437508
438033
439699
43992
440116
44033
44060
441068
441087
441130
441464
441501
441612
441615
442419
44251
44252
443128
443605
443610
44467
445020
44676
44753
447587
448158
449306
449671
450365
450515
45065
450704
450736
45076
452433
452622
453573
453817
453974
454
454146
4543
454756
45677
457173
457575
458266
45851
45886
459527
45979
46163
46177
46179
46181
46206
462367
46257
462913
462941
463192
46353
463765
463774
463780
463781
463785
464029
464181
464182
464199
464203
46429
46469
464918
46677
46679
46680
467150
469803
47020
471585
471604
471607
47161
472
472060
472083
47255
47421
474956
475939
475940
475941
47715
47758
477627
477633
477685
477981
478
47847
47849
47874
47875
47876
47879
47880
47881
47883
47885
47886
47920
479379
481138
481341
481769
482112
482463
483011
483896
48412
48465
485190
485620
485747
486507
487181
488809
49119
491731
491919
492184
49285
493
49319
493577
493747
495180
495894
496058
497798
498329
498909
499865
499866
500335
501288
502048
502330
502336
503952
505295
505442
506507
50712
507685
50960
509619
509626
510515
510936
51104
511204
511662
512
512030
51288
513160
515204
515957
51663
51664
516702
517456
518
519
519750
519780
519797
520
521
521546
521737
522615
523786
524286
525924
526873
52695
529
52958
530629
531290
531834
531837
53332
53360
53378
53407
53408
53409
53410
53412
53413
53417
53428
53429
53430
53431
53444
53458
535282
536487
536877
536914
53712
537277
537299
537303
537304
537367
537373
537377
537380
537384
537389
537397
537401
537402
537405
539
539206
54006
540970
540977
542
542300
543615
544422
545496
545864
545964
546
547055
547188
549
549003
549296
549339
550
550983
551300
551314
551322
551328
552
55218
552398
553
553223
553428
55404
554112
554121
554124
554434
556
556053
556294
557120
557140
557386
55779
557850
558533
560557
561140
561521
561975
562
563061
563522
56361
563735
56425
564288
56453
56458
56464
565
565160
565182
565184
565201
565203
565205
566449
56774
56946
56977
56985
56986
56987
56988
57
570657
571
571180
57187
573131
573243
574651
575
575170
575190
575314
576
576136
57664
57676
57677
57909
57975
579977
579990
580001
580399
580780
580967
58135
582538
583351
58351
58353
58354
584785
584825
585319
585341
585344
585350
585352
585353
585455
588178
588893
590581
590583
590585
590588
590591
590595
590600
590606
590618
591198
59196
592139
592340
592683
592899
592978
594560
594562
595415
595452
596388
59750
598528
598531
598537
598605
598609
598627
600626
600630
604149
60547
60549
60554
61
611288
611769
614238
615
61624
61645
61646
617209
619736
619788
620903
621315
622
623
623264
623280
623281
624
624147
626492
626907
626946
627225
628
63
630
630522
630922
632
632763
633674
634758
637882
637921
63850
638657
639006
640510
64104
641073
641134
641136
641445
641449
641517
641537
641675
641760
641764
641796
642766
642789
644515
64471
645492
645494
646369
646379
646380
646388
647173
648
648788
64970
650033
650401
65093
651242
651869
651872
653954
654
656743
657419
65786
658403
658414
658652
659441
659662
659784
659819
659884
660223
661426
661485
661487
661489
661491
66347
663927
664907
665038
667306
667471
66863
66888
669011
669464
670321
671143
67265
67319
673271
673294
673521
673548
673552
673557
673560
67362
67369
67376
673971
673975
674047
674619
674645
674655
674657
674664
67574
676123
676179
678931
679667
68185
682428
682431
682443
682450
68254
68264
682798
68285
68286
682968
683012
683758
685590
686226
686322
687834
688142
688644
689776
689777
690138
690145
690393
691274
69218
69223
69224
69366
69372
69395
69396
694044
694278
694315
69540
69661
697427
697444
69974
7
702491
702497
702744
70579
706175
706562
70775
708634
709428
709797
709827
709829
710698
711538
71253
712616
712717
712886
712932
713618
714537
715165
715171
715182
71656
716769
716785
717
717420
717858
72023
720623
722862
723799
723915
72557
732238
73526
73780
742642
742658
74312
74315
74316
743722
744406
745117
745380
745393
745694
745826
745828
74697
747076
747079
748854
752680
75291
75310
755265
75588
75659
756752
756921
757406
758
758636
758776
759671
760012
760157
763059
7632
764375
765888
76637
76759
767863
768062
76860
777
78
78057
78327
78329
78350
78352
78554
78660
78930
79271
795261
795276
795290
795293
796098
797292
797298
797537
797728
79863
79871
79878
79880
79885
80621
80852
80868
80869
80873
80881
81458
81476
82380
82541
82996
831
83382
83448
83456
83458
83462
83622
83784
84590
84647
84975
849864
850
85558
85674
856840
857392
857429
857437
857438
85831
858439
858441
858451
859218
85966
859785
85993
86185
86187
862135
862411
862468
862481
862720
863370
864899
86669
86670
866801
867076
86840
869633
869634
869638
869654
870242
870478
871234
871520
871664
871741
871767
871772
873520
874283
87461
875252
875328
875820
875961
876743
876851
877414
877440
877443
877455
878538
879200
879204
88074
881262
881278
88164
882145
882162
882447
882451
882726
882728
88460
885453
885529
885530
886231
886846
886847
886852
888831
888847
888848
889265
889274
889282
89
89014
890426
89774
89780
89781
89783
9
90322
90373
907
907684
907689
908547
908560
908966
909056
911045
911064
911084
912585
913
913804
913805
913817
913818
915180
91844
920
923
92485
92488
926140
926148
926157
926185
926188
926200
926379
926639
926663
929813
930851
931
931943
931961
93218
932737
933422
933556
933560
933562
934385
934393
934398
935824
935832
936009
936221
936597
93943
94086
94088
941590
941597
941819
941848
942097
942106
943673
944326
944987
946021
946068
946069
946102
94624
94625
946582
946603
94735
947944
948106
948500
948568
948578
948622
94868
948992
95149
95162
95300
960
96477
971268
97136
97300
978032
979138
979193
979196
980251
980450
980457
984
984124
984205
985214
985680
986739
987038
98826
988332
988754
988880
989368
989383
990404
990412
992286
992302
994514
994517
994519
994622
994647
994696
994825
994832
994833
994869
995039
99597
99655
99656
996569
998661
998872
999151
999158
999164
1030533
105425
1075768
1120523
1157637
1158293
1176198
1177982
120957
1230476
1235591
1262747
1287252
1287336
1297570
1298858
1298862
1324617
1396141
1449049
1462993
1463833
1463856
1463874
1463881
1463887
1463901
1463902
1463926
1463934
1497615
1500897
1502775
1504823
1506583
1515439
1522368
1523430
1549812
1666905
1666951
1678637
1706231
1714344
172088
1736272
1736430
1736434
1736464
1736578
1736610
1739114
1747903
1797271
1797552
1804758
1805127
1855301
1881038
1884368
1889
1890
1895791
67332
1920190
1926
1926878
192843
193461
1943
228601
281361
285535
285540
310780
310781
33898
348818
362413
36816
370979
379067
380248
391600
40137
408015
417292
439228
489722
528244
549819
55952
58343
58346
58352
595460
61647
626084
65657
66429
66874
67365
685778
739143
888845
89065
2736302
55210
1226322
1736470
2004997
2292272
2292885
2293011
2293126
2293831
2516960
1411117
1288495
267128
179878
394734
2732487
2233851
589382
475937
921
2789776
404386
2014887
1868589
665118
106592
1247936
2571748
715473
748909
1002672
1008459
1018
1034807
104268
1051646
1081866
1094466
1117313
1125411
1129794
1178778
1190813
1208320
121428
1218801
1226751
1229726
1229908
1229909
1238
1252
1263829
1265309
1300343
1306519
1312369
1324864
1333849
1334193
1336794
1336806
1344094
1348584
1349785
1355330
1383885
1389004
1389005
1389011
1396
1397108
1402135
1410606
1431246
1454006
1455062
1458307
146017
1465
146891
1470066
1470067
1486034
1491
1492737
1502
1509
1525218
1529069
1534348
1534349
1545728
1550728
1579316
1580092
1580596
1581557
1582439
158822
1591409
1619313
1622118
1630406
1644130
1662285
1678728
167879
1705394
1715691
1736674
1737490
1761453
1761891
1763534
1771
1774273
1784713
1789
1790137
1792
1795
1796616
1799
1803846
1816218
1821621
1834196
1836467
1842535
1844006
1850246
1850252
1883416
1884913
1884914
1888915
1891787
1898749
1908341
1913577
1917485
1920667
1925548
1959104
1967665
1968541
1968775
2004710
2017482
2049305
2058137
2069432
2070369
2094025
2161872
216432
2171755
2201181
221822
2259673
227
2293862
233316
2434
244566
245188
247
2478552
2483033
2486272
2487072
2497879
2500533
2508687
2508726
2518177
2528026
253
2547394
256
2562285
2563896
2564099
2572594
258
2584122
2585771
2587853
2587855
2594004
2601122
2602067
2602769
2613965
267375
2683272
2686077
2686078
2686361
2686363
2689569
2697010
2698672
2707525
270918
2714951
2731756
2738409
2738844
2745504
2748319
2751
2763667
2763669
2763670
2772254
2773454
2785912
2785913
2793010
2795383
2799564
2803858
2806551
2808900
28109
281362
2818493
28188
2820661
28251
2829501
283166
3028070
2841528
2842348
2855841
2862509
2870840
2877527
2884805
2893202
2893884
2893885
2895947
2897181
2898725
290400
2905879
2906076
2906078
2916633
2918526
292414
77097
2975157
299262
311182
313595
313598
314275
316273
316279
318167
321846
335992
343403
343874
349741
357804
373891
38293
387090
391595
391616
391626
392500
394340
40214
402612
404405
411154
411490
412965
436308
43659
441209
446
449461
470
48296
488538
529120
53501
548
553973
573501
58049
584
584609
585
587
589873
592029
59779
59814
600809
60137
60890
610130
616991
643867
655815
664426
666
666509
666681
669041
670
683124
688270
691
702745
710421
712898
716816
718192
74033
742737
746697
747
754476
754477
758802
76259
77608
817
83219
83655
87791
979
996
996801
998845
999552
1191061
1192759
120959
1280
1312072
1315277
1315279
132264
1336804
1338689
1347342
138118
1382466
1421430
143223
1454201
1457030
1463164
1476
1523415
1628248
1639133
1682113
169669
1699623
1714848
1720344
1781
1855336
1912897
1936081
1938607
1961362
197
2005388
2009329
2025658
2027919
2051552
2058152
2077148
2082188
215743
2219696
2358479
2490851
2492438
2494550
2517899
2570561
2587852
2603245
2665645
2678256
2708110
2724135
2733866
2733867
2742654
2762563
2763056
2779359
2779362
279359
2820523
2823316
2830675
2899123
2906077
2918453
320912
323
331648
346
370524
388459
47735
54291
55212
577492
639310
648995
651
653931
681157
754397
754423
76832
821
875171
985043
1006
101385
1014
102862
1055487
1063
1081644
1117645
1147151
1217908
1219
1311
151895
17
176102
187493
198252
221066
228
247633
279369
28108
28189
28229
2860053
29498
313588
314287
326320
326544
328515
338192
357794
366650
367336
383631
386487
394751
398743
410330
411153
420402
42443
442694
45248
453852
456327
531
53946
55197
56812
57029
59600
60961
665950
672
729
767892
807
851
96345
999
107401
1128970
1147152
1147158
1284658
1298608
1408164
1463165
1486245
1510466
152573
2013072
2024829
2024837
2030817
2109729
225725
225726
225843
227084
237258
28258
283786
291169
29541
312277
320324
326329
347
369401
390270
484498
48727
53483
542960
558155
637679
642926
64969
66797
701523
762954
76594
906669
930802
930804
984186
101383
1076744
1427364
152297
1653831
184607
1871037
1904441
192389
2136182
2212467
254955
2588536
2681409
268410
2732590
281738
283736
2900548
291193
306545
313625
321269
325473
392009
392717
41950
420404
442714
49278
536633
576610
619771
627688
70997
75684
89402
930166
933926
1004356
1008307
1008419
100884
1010751
101394
1017018
102
1027393
1027395
1027633
1028214
1028420
1028510
1029556
1029607
1029709
1030317
1031273
1035242
1035260
1035418
1037
1038693
1041300
104270
1047152
1048747
1049012
1049199
1050991
1051566
105161
1052101
1052111
1052639
1053037
1053464
1053647
1054043
1054973
105751
1069117
1070986
1071647
1073325
1074
1076629
1077683
1080224
1080226
1080403
1081648
1082704
1082836
1084543
1085864
1085889
1086662
1086667
1089241
1089536
1090081
1091278
1093133
1093225
1096288
1108812
1109224
1109299
1109310
1109336
1109406
1109739
1109740
1113827
1115564
111770
112002
1120319
1120321
1120739
1123757
1124788
1126836
1131964
1132398
1132692
1132694
1133697
1133857
1134780
1135964
1135970
1137438
1137985
1138552
1140107
1140407
114101
1141697
114186
1144871
1148233
1148312
1149995
1150723
1150727
1151503
1151562
1151615
1151620
1151660
1151662
1151669
1151672
115544
115720
116849
118675
1190508
120481
122611
1251
126569
1270
129861
133552
134320
135747
136468
138072
1390
139442
1401
1418
143224
143814
145
146486
1467
146922
1472
147642
1482
148382
151081
151349
152522
152524
1528
153266
153267
153948
1555194
1559
156459
141390
1587
158877
159158
159159
160665
160799
162159
162194
162198
162203
162206
1628
164330
168471
169050
170623
171523
172
173751
173756
174036
178356
178784
179995
180422
180514
180542
182141
184064
184065
185018
1855
186490
186739
189965
19
191559
191570
192904
1938
196835
196843
196850
196852
197495
197650
197652
198340
200115
203967
203971
204038
204275
205999
206041
206466
206479
207602
207954
208962
209880
211899
212187
212198
213248
214708
214714
214715
214716
215690
216778
218156
218670
218980
219572
221028
226011
228654
228957
230495
230526
230528
231440
232
232530
234831
235625
236092
236094
236133
236258
237532
237598
237611
239
239104
239789
239810
239847
239877
239881
241145
242917
242926
244735
245323
251541
252393
254410
256325
259840
260436
261164
262289
265668
266009
266735
266764
272239
273033
2741
279611
280271
28034
28107
281192
281375
28151
28171
281714
282199
283167
284904
284918
285258
285352
286730
288
290053
290069
291995
292506
292507
292733
29311
29430
29468
29549
297318
298167
298168
298349
298627
299767
300426
301710
305900
306546
306572
308892
308915
310297
310298
312279
313439
313590
313603
314204
314206
318430
319688
322015
323273
325474
32630
326522
326919
327631
328224
330039
330249
33026
33039
33046
331308
333368
334715
337060
337175
338565
33883
341535
341536
343332
346185
349095
349543
349764
349767
349773
349788
349797
349804
349806
349821
349824
349825
349833
349834
349837
349838
349839
349888
349889
349895
349898
349899
349928
351548
351557
352153
354168
354173
35799
35806
358646
360080
360316
361203
361581
362438
362781
363603
364306
366408
366562
368218
368266
368424
368425
370975
371821
37378
373958
374166
374174
37453
376730
376746
376804
37752
379347
379893
380002
380040
380393
381903
382484
383778
383885
384175
385495
385682
387384
387410
388017
388401
388746
39029
390637
390799
390950
391603
392468
393646
393737
394102
394351
39497
395945
396001
396016
396296
397283
397414
39765
398175
399605
399736
399969
400946
402290
405439
405684
406094
406529
407170
407354
408007
408727
409436
410332
411316
411815
411823
41202
412438
413085
413497
413592
414430
414697
414700
415
415073
415220
415221
415223
415993
416016
416230
417294
419008
419475
419939
421998
42445
427765
428
42817
430797
431270
43131
433287
435910
43655
43658
43662
436912
43765
438744
439697
440196
440206
442156
442524
44253
442728
442898
442915
443616
444199
444202
444204
444206
444249
444287
445915
446681
447431
447689
449463
453995
454147
456455
45655
457371
457372
457934
46256
46358
464916
465019
46506
468602
468897
469656
471
471225
472059
472176
47253
474960
475648
476893
476900
477669
477745
478453
481183
482169
482383
482476
483248
485
485893
486
487184
490379
490754
490937
49280
493010
493527
493532
493823
498
498312
498320
498900
498964
49897
499062
501482
501571
502558
503936
504469
507369
509095
510130
511062
511720
511721
512289
515508
517746
519019
519771
519989
520762
521739
523402
524263
528574
529882
530611
53247
533
534603
535712
535744
537032
537744
537751
538022
538393
53949
539814
539916
539926
540643
54104
543533
543764
544638
545
545891
546022
549579
549701
55208
55209
552867
553088
553856
554002
556321
556533
561505
562710
562735
564098
564128
564131
564168
56459
564858
565444
56689
568179
568181
569
569599
56981
569860
570012
570186
57031
57032
57033
573638
574702
574707
574708
574709
574710
574711
574963
575149
576612
57706
579111
579454
579476
579548
579908
580016
58051
58092
58117
584605
585284
585358
585367
587746
587747
588170
588468
589872
590601
592851
59602
59609
59813
599829
603341
60478
608536
610251
614
61648
619737
621
624499
626945
626947
629241
62940
631044
631365
638020
638999
639284
64002
640212
640311
640317
641534
641535
641549
641550
641572
641644
641795
641798
642227
643675
643958
644
644220
645515
646373
647862
649198
64972
649972
650452
650459
652
653466
655268
655277
656747
658082
659444
659445
659707
661195
661682
661720
663
664415
666563
666701
667080
667303
669
669099
671053
671214
671235
671568
671572
671612
671624
672157
673538
673555
674
67576
67590
676173
67824
679244
679257
680411
683073
685102
685655
685663
685665
685667
686578
687
687935
688
688076
689780
691689
69222
696536
69824
698647
699459
703340
70355
70569
70789
708093
708423
712916
713613
71388
714536
715451
71657
71999
723
72360
726
727
728
738
741
74109
741713
741719
74348
743737
744208
744226
745714
746539
747458
748478
749287
749610
749611
749903
752256
754411
754412
756728
756730
75985
759856
759857
759859
759860
759861
759862
761
762485
762486
762492
762496
762499
76761
76979
77790
792658
797419
79967
803
81569
82985
82995
83668
83828
84030
84521
85403
861110
86183
869394
869814
871695
873446
874388
875799
877425
877427
877446
877464
882166
88233
885462
885466
885475
89153
89184
89401
907462
907679
908238
908359
908615
912071
912633
914310
914325
91560
925952
925962
926183
927087
927640
929145
931534
931625
932118
932812
933421
934142
934194
934197
934208
934226
934228
934250
935699
935700
936072
936235
937154
94081
94087
941817
941899
941907
943936
943941
944
948613
948621
948624
955
97253
973757
979073
979195
979592
979642
980466
980584
983544
983548
985022
98533
985763
988
988768
990408
99286
996800
998083
998852
998955
998958
999036
1009412
1112209
1114874
113267
1249933
1250005
1250006
1262977
1270193
1333662
1381596
1449070
2954383
2954382
1485952
1545915
1550073
1550400
1550401
1550402
1560201
1566248
1655505
1655561
1655574
1655625
1697135
1703356
1714300
1736488
1736533
1761893
1776294
1841856
1850254
1860093
1938609
208224
29533
29534
345907
362418
367488
367806
370526
393060
396014
41
487796
554283
554343
580
67825
693444
935866
946677
2838737
2840675
1007109
1697794
2942470
2161960
2161970
2292041
2292995
2293174
2555884
487797
2249426
1572645
2898187
2360
2320140
2856519
28110
2499157
329993
1922217
1404
1520
336810
178399
417574
477690
2507538
300231
326537
1010
1048245
1151742
1177574
1197717
1205910
1218085
122355
1236517
126385
1285583
128780
1288121
1316911
1331682
1335
1351
1352
1358
137591
1406512
1496080
1499973
150055
1505
154288
1547
1561
1573676
1579
158847
1605
1622
1639
1679
1680
1694
1702221
1703
1705
1712675
1725
1788301
1796613
1796646
1805478
1886807
1926868
1933220
2003121
2003188
2014
2026
202956
2044467
2053287
2083786
2093856
213
2133944
2364787
246787
2494234
2583452
2584944
2585118
2585119
2606626
2610895
2650157
2650158
2657486
2663009
2714353
2714355
2715212
2724150
2726954
2751153
2764325
2764326
2779519
2780922
2799326
2806348
28080
28090
28111
2811111
28116
28118
28119
28127
28129
28131
28132
28133
2813371
2816908
2831968
2860336
28898
2894156
291645
312306
328812
328813
329854
33025
33945
33959
35841
371601
38313
387661
400770
40545
411903
437897
44008
445975
44742
459529
46503
469616
47678
47884
537007
537011
544645
547043
557598
564
572544
591001
59374
626932
626937
633147
674529
67827
679935
693979
703
71452
76123
762982
77095
78344
818
823
83771
839
84112
856
858619
861
876
880074
882
89152
901
908937
997877
1115758
1124983
1155388
1205674
1479
1690
1765
1796620
1871022
2073078
2162637
246432
2518971
2530390
2585117
2678259
2725997
2759706
2774137
2801335
2823317
2857061
2860337
2865672
2886510
2901380
2917991
29419
322
393480
420246
604330
651740
657309
679937
717959
86265
102684
1203555
1305738
1355
147206
147207
151276
160386
165179
166486
167642
1735
174709
204516
216816
239935
28025
28026
28117
28125
28135
315405
328814
338188
357276
35833
376806
39486
40520
437898
454155
491921
52227
53437
626931
626934
626935
626940
658081
658083
74426
859
860
881
905
1150298
1225804
12417
1299998
1322
1323
139871
1472761
1504536
1583
1583098
160404
1606
1727
172901
1796652
1862668
187327
1896210
2053574
225004
258515
262071
31971
39483
418240
44749
487175
589436
671267
78331
114652
13335
1347393
1470347
1519438
1650663
1714359
1720294
1776379
1796615
1852386
185293
1871016
1912855
1965588
1965612
1965647
2026720
2040291
2040292
2044939
2049044
2049048
2052179
2053555
2053569
2053615
2099680
2109689
215200
2315333
255723
2560852
2608630
2661918
2664442
2726201
2748031
2897707
290732
29373
342942
515414
642589
78448
852
1005117
1008308
1009366
1027807
1030135
1031385
1034940
1042252
1052257
105840
107706
1080072
1080712
1090542
1096929
110320
1120646
1131230
1133783
1134405
113564
1136497
1143329
1144207
1151466
1151468
1151475
1151480
1151490
1151492
1151493
1151538
1151540
1151590
1151611
1151613
1151632
1151645
1151647
1151700
115998
1244
1262
126378
1292
1308
1314
1345
134533
135735
1359
1478
1492
154046
155565
156649
1596
1607
162028
1665
1698
1737
173858
175570
178338
180163
180344
181583
185294
1863
189382
1911
192114
1960653
197614
202260
206446
214852
214905
215215
221992
227150
228604
230658
231025
232519
234908
237524
241556
246792
254752
264697
265312
268427
273188
278991
28087
28130
28136
283718
290778
293450
29348
293609
29362
29369
29546
298629
301140
303357
305719
310942
311784
319644
319645
319646
320874
330017
330022
330026
330036
330055
330061
33022
330834
332095
332679
337097
33889
340482
349542
351023
356662
358114
35828
363577
367281
36845
36874
371599
373040
37380
375838
37734
392736
392838
39487
39489
39493
39494
395930
39824
39841
399361
39950
404898
407975
411317
411802
41200
413432
41997
420242
420336
425254
42565
42858
438751
439160
442734
444223
444278
44473
45254
455338
462710
470565
476541
47770
481156
48256
490225
498718
502141
511
51515
515264
51669
519944
522614
52704
529667
531400
53443
537274
537282
537291
537301
537371
537374
537415
537416
537418
537419
543632
547160
553841
556258
556259
559975
570177
573250
573252
573255
573256
573259
573265
574930
575334
57732
577345
59310
593488
60133
61652
621345
621369
621370
622674
631043
631339
634240
634492
638661
641557
641636
645272
646340
647084
64971
653907
665949
671266
681154
684066
686296
691816
696763
707148
70995
712493
712495
713000
717871
72302
743736
744873
747656
757267
77585
77768
797535
83547
83554
83558
83683
84594
85991
866566
86956
86957
876164
885477
913797
915171
915179
935808
938413
948315
971
989
990712
99481
998
105612
124285
1262687
1262691
1262756
1262792
1262793
1262810
1262818
1262870
1262919
1262926
1262995
1263006
1267
1296
137733
1381751
141693
1504822
1563157
1577792
1658108
1671635
1686381
1776391
179628
1797569
1807729
1834205
1852375
1855394
1871013
1871031
1943632
2015
225762
239984
245836
282402
454154
501010
52584
53440
554
563031
837
2838430
2838528
2838535
2838727
2291991
2292065
2292353
2292887
2486470
2559705
68766
37929
28112
1288
1236220
2606640
2652276
1755100
195
185007
1501392
29378
140626
2894079
867
849
46867
2801997
1886
556288
1052095
114
1163617
1188319
1198114
1223802
1473598
1484109
1542730
1592106
160808
1617967
1620215
1636152
1682490
171865
1750527
1855912
1920749
1969806
1985873
204669
217203
2211140
2282148
240015
2559597
2602070
2696560
2703788
2715678
272568
2763071
2763107
2764705
2768161
2768162
2771361
2802971
2897332
2898149
290397
2918170
2918171
323097
329
343
395494
401053
445709
452637
47917
580332
637390
674703
682795
886293
926
926566
926570
1050370
114615
115808
1217721
1565605
157592
1636608
1717
1882747
1882749
1914471
1944648
1981880
207745
255045
2562284
2753607
2799681
2840472
2840473
28448
2898793
349163
41977
426114
44139
447217
453162
696216
722472
85643
180
36861
370405
62140
63745
649841
930
1124849
1188795
12407
172667
1796491
1961136
2169623
322019
364030
466153
50715
526
121039
1356299
1559896
1641862
1641865
1867749
2045217
2341020
2480626
416213
474949
523
525
993689
1002
1003
1009011
1009363
1009364
1009369
1010676
102412
102416
102417
102449
1025
1027394
1027572
1027575
103
1034943
1034944
1035120
1037320
1037382
1050355
1050368
1052517
105291
1067
1070863
1071
1075396
1076619
107712
1078887
1079533
1079609
1079617
108003
1080180
1081781
1082276
1085800
1086400
1088
1092440
1095080
1104777
1104781
1108048
1111115
1114216
1114217
1119058
112245
1126954
1134440
1138307
114103
114106
114249
114404
1144617
1151522
1151583
1151599
1151642
1151707
117208
121133
122608
1231
125627
1267533
128
1303579
130776
130796
1318
134
137265
1381
142834
146939
146940
149339
1495
1519
1525
153491
155197
155922
158482
158899
159728
160660
161967
162467
1629334
163604
164400
166476
167645
1711
173740
174932
182455
188583
188686
188737
189385
189472
189866
189966
193113
194841
195093
198093
200125
200615
201
203
203699
203989
204525
204657
204662
204667
204670
204672
204678
204685
204936
2054
209273
209652
211502
217078
217206
217219
219016
228273
228275
229919
2300
230088
231022
232524
232527
233080
233100
233181
234227
234239
234245
234327
234402
234417
234633
234656
2358
236128
236137
242936
242949
243629
252967
254246
254247
255159
256326
257501
259694
261292
261391
262489
265470
265478
2683690
270345
2728
2778364
2778368
278961
279810
280277
280297
280511
28083
28094
281120
283169
286698
289412
29344
29372
29408
29409
29420
29422
29433
29510
29522
29530
29542
296550
297536
298608
298610
298613
305351
308068
309891
311398
314319
323415
328301
329936
330214
33059
33075
331869
332516
33922
340717
340718
340720
340723
340726
340878
34097
343090
343111
345631
345632
348106
348739
351345
356302
356614
35751
35797
35813
35817
35825
360056
360411
362257
363272
363877
363891
364410
365339
365533
366541
367934
36864
370407
370408
37624
376451
377162
378599
380392
380685
38080
381306
382514
38307
38308
384281
385844
38815
388258
389348
390877
390879
391905
392320
392411
392598
392842
393664
400061
400091
400985
406100
407188
412449
412689
412897
413479
415427
418099
42056
42354
424704
425007
426012
426688
42735
427918
43774
438
440170
442390
442866
443145
447
44938
45
450608
45068
453581
454151
454171
45496
45670
46610
467574
467579
467976
474948
474950
474951
474952
474953
47498
475219
475656
476279
476884
478114
47848
47959
480070
48466
487
488857
489970
490188
492525
495820
496831
498023
49893
500022
503170
503932
503933
504468
50710
51195
512382
518767
519781
520092
520765
521158
524
529704
529810
529824
530624
53372
536
545624
548244
551309
551835
551994
553429
553506
553509
556054
557145
557451
563057
563059
563172
565166
569853
570276
570279
571179
573741
57480
57489
576611
580225
580963
58621
588451
588826
589394
591197
598604
60036
600629
61595
626318
626387
62930
633153
638617
639030
640030
640108
644383
647864
652788
655015
655355
65555
656830
658167
659453
66228
66229
664692
665467
665615
666964
667137
667138
66849
66896
669038
672105
674035
675349
675609
676517
680494
681398
682709
684353
690374
690851
692036
69359
694039
694048
694049
694052
697449
70125
701892
70583
706120
706566
708071
708119
714531
715170
723314
732234
732235
741063
741673
74325
745365
747482
748120
755190
755191
75697
75789
768198
78259
795106
795107
795638
796105
796106
798641
79865
79876
81462
82788
83446
83661
83767
84032
847
861379
861865
863522
864458
866807
869445
870154
875300
884665
885490
886798
886801
886826
886830
886831
89584
90245
90733
917
924
92404
92759
92819
938289
940613
940614
940615
94134
944323
945860
946336
94726
947515
948304
948308
96101
97
97083
97383
97384
979969
985012
98522
990373
993066
993414
996765
998188
113395
1158291
1158292
1159870
1267534
1280514
1298867
1475481
1485544
1736406
1736407
1736591
1736654
1789004
1797499
1797909
1798247
1945855
261388
1002809
1005058
1007105
1028989
1029756
1030157
1036672
103816
1041504
1041522
1045855
1045858
1050107
106648
1069533
1069534
109790
1112204
111769
1122611
1123016
1124835
1133546
1133568
1149133
1155384
1169025
1176533
1179673
1185412
1192197
1193713
1193806
1197719
1200352
1202962
1208587
1216932
1219058
1219491
1223515
1224162
1229621
1235441
1235834
1236518
1236689
1237364
1245
1245471
1246
1247726
1249
1260
1262452
1263550
1264737
1267217
1267766
1282
1285901
1286698
1287055
128785
1294143
1300342
1300344
1304
1307
1313172
1328
1329
1333528
1334
133448
1335613
134034
1345695
1348613
1351755
1353889
1355015
1357916
1366
1367847
137732
137838
138851
1389713
139021
1391224
1397
1398
1402861
1404245
1405
1407
1421
1423778
1426
1430444
1437824
1450749
1455
1458851
1463158
146923
1471761
1472767
1473
1474
1476025
147645
1488356
1490
1494
1497
1498
1501
1504
1513
1515612
152268
1524910
1526408
1529
153151
1532552
1534
1541825
1542
1548
1552
1561022
1563222
1570
1571
1572703
1577791
158189
158190
1589
159
1590
1599
1601
160453
1605891
1607839
160825
1608957
1609968
1610
1610493
1610836
162496
1633
1637975
163877
1642299
1642646
1642647
1651196
1655305
1670800
1670830
1679444
1679721
1697
169765
1702170
1703250
1715860
1716543
1727145
1736
1736046
1736675
1742359
1748967
1750719
1766
1776384
1784
1793721
1794
1796635
1802
1808001
1812935
1813880
1821625
1827285
182773
1829
1841249
1848900
1849967
1854574
185639
185642
1863011
1866325
1868793
1868794
1874061
1879050
1885
188770
1892
1893
1903186
1903686
1904944
1905
1906273
1907
1907662
1907771
1911587
1914525
1914861
1920294
1926594
192812
1932
1933880
193462
1938334
1938605
1940
194197
1945512
196162
1965366
1967
1977088
198
1980001
1983719
198467
1984801
1986204
199441
2004644
2005047
2006110
2006115
2012495
2017483
2017484
2017485
2024308
2024321
2027888
202951
2029983
203275
2041044
2048654
2052660
2055889
2059875
2059884
2060312
2068654
2068655
2079596
208223
2083284
2086585
2109913
2109914
2115848
2116657
2136401
214473
2153354
2153385
215691
216929
217204
2173
2173853
2184053
2202149
2203204
2203205
2209
220927
221109
2211210
2213194
2213200
2219224
2231055
2234080
225992
227882
227945
2282124
228229
2282419
2282738
2283160
228410
228899
2293571
2303332
230361
2305220
2317
2320867
2320868
2340715
237610
2377
240427
2419841
2419842
246
2479367
2479933
2483110
2486273
2487118
2488810
249567
2496547
2496867
2497860
2498135
2502409
2507159
2507160
2507162
2508168
2508206
2509457
2509459
2518176
2528023
254
2546350
255248
2557994
2558918
2561924
2562449
2565500
2565556
2565782
2567941
2571029
2571115
2575375
2576606
2576756
2582905
2583377
2584466
2587808
2590012
2590157
2591063
2591145
2591463
2591633
2592334
2594495
2594883
2596949
2597701
2599308
2599600
2601677
2604832
2604941
262209
2653853
2654325
266
266062
2662065
2662363
2662397
2663022
2666132
2666138
2672567
267818
2684468
2684658
2690837
2691571
2691580
2692425
2696063
2696339
2697030
2697563
2697565
2698679
2698682
2700081
2704467
2705439
2708346
2708348
2713414
2713573
2714923
2714931
2714941
2715163
2715164
2715959
2717324
2721173
2725563
272558
272562
2725684
2728827
2729421
2731219
2731681
273384
2738
2738413
2742128
2742129
2742131
2742136
2742603
2742624
2742677
2743575
2745198
2746321
2748
2748080
2748320
2749961
2750011
2750812
2751189
2756
2759167
2759954
2760089
2760308
2760310
2761047
2761107
2762611
2763317
2766537
2768066
2768068
2768069
2770322
2770776
2770780
2770788
2771436
2772066
2772073
2774873
2777185
2777556
2778070
2779518
2782004
2787628
2795387
2795690
2796366
2799325
2799680
28038
2806262
2806347
2806443
2806552
2810514
2811422
2812658
28137
2815358
2816909
2816912
2816950
28198
2822368
2823902
2828763
2829812
2831149
2831673
2833628
2836373
283686
2838850
2840457
2841037
2842355
2842356
2843215
2843216
2844358
2849501
2853439
2855394
285578
2855836
2861285
2865112
2865833
2866808
2867410
2872646
2873269
2877940
2880933
2884263
28894
2891570
2892541
2894081
2899121
2901381
2904253
2907154
2909588
2913616
2913617
2913618
2913620
2913621
2923366
2925841
2925842
2925843
292913
29341
29382
29384
29385
294671
29552
296842
2968968
2968969
297352
298596
302167
303541
314722
315749
316280
317655
319706
319939
322095
322710
33033
33050
332101
33932
33936
33964
34062
34105
352475
352858
35760
357809
358099
36818
36822
371142
37331
37372
374606
37930
38300
38875
391936
39441
394958
39691
397945
398511
398578
39960
40215
402384
402881
403957
410358
411483
417368
421767
42197
436515
436516
43674
43771
44010
446465
446466
446471
450367
450378
453783
454662
455632
457428
46124
463024
468911
470076
471855
472693
47716
47760
486398
489910
499555
508451
51173
512402
515622
51665
526224
531813
53442
53451
536227
539813
54005
543877
544580
545774
546160
546367
548476
560555
56448
573061
573370
575614
577
582
58340
617123
624315
631220
636
638849
642492
649196
65741
663278
665099
666686
66692
66871
66892
67081
67267
67282
67296
67305
675
675281
68209
68249
68270
68570
685727
697329
698758
69964
700015
701042
70255
70346
704125
710685
712270
712435
712471
712710
722731
743718
745310
75294
756892
76517
76862
795665
796606
79883
81408
82367
82688
82989
83617
84531
85336
857417
859143
859144
861360
862751
863239
86664
869209
879274
881260
885040
889453
89059
90244
906968
927704
931276
93378
944546
946334
94869
95301
981540
991789
1029718
104336
1051072
106649
1077935
109472
1122150
113562
1173135
1195076
1200302
1218177
1219035
1224163
1225337
1238184
1245526
1283
1293
1297793
1307763
132473
1324796
1325111
1326
1332080
1341692
1343740
1346611
1348774
1364
1392
1392877
1406
1407071
141349
1416753
1422
1441095
1447062
1449088
1461582
1476754
1488
1499686
1507512
1508644
1508678
1517
1531429
1532555
1535304
1547283
158
1581038
158500
1597
1608473
1625
1636603
1636720
1642
1670641
1686378
1686380
1686384
1686385
1686399
1690815
1725232
1737359
1775880
1795032
1796
1856685
1870985
1871111
1879049
1881022
1891644
1896164
1920110
1930532
1981510
1986146
2017486
2025876
2051906
2054227
2066049
206662
2072406
2072407
2072413
2072414
2077147
2077149
2108445
213810
216142
2184519
2202249
2203210
220684
223919
224719
2290922
2303505
2305221
2306583
2382165
2420300
2448909
2527974
2528022
2530392
2558931
2560058
2563602
2563897
2565558
2579977
2587848
2589076
2591108
2603244
2605730
2614442
262324
262727
2653932
2654218
2656914
2662362
2663857
2666127
2666139
2675523
2675711
2675713
2676871
2686210
2687303
2692235
2695882
2705472
2709390
2724468
2725666
2731680
2735554
2742134
2742204
2742626
2742655
2742657
2742668
2743000
2744522
2744523
2745490
2749999
2762553
2763008
2763022
2770786
2774562
2775420
2775496
2789739
2792224
2797167
2798724
2798861
28031
2816910
2816911
2819349
2819933
2842357
2853158
2853257
2861802
2866626
2866628
2871487
2876028
2879116
2883480
2884447
2893045
2897333
2898796
2901869
2903536
2904252
2908637
2911367
2911495
2912630
2913619
2913995
294699
318424
335543
351348
367743
370777
373068
38289
399497
42239
433296
434008
444103
45972
486698
51161
52242
525282
525326
525329
525370
525381
546269
546272
55601
565560
627192
630515
634498
641107
657308
667120
67345
67381
67826
68210
682410
710648
720554
728066
744515
80870
86332
882081
912801
928724
98668
1032851
1033739
1070699
1125965
112904
1131703
114416
1146873
117207
120576
1218315
1281
1306787
137357
1377
1385985
1427356
148604
1511
1512
1584
163
167
168810
169292
169435
170573
173362
183
184917
202952
214851
214853
219301
2198
248039
256701
28197
29360
294710
300020
305977
310575
33034
333367
33917
33968
34058
363259
363265
36834
39490
39492
40988
43669
449659
457402
457421
457422
461876
469610
469613
471189
487173
487174
521720
544644
552395
552396
555500
575200
626930
626933
632955
658085
658086
658087
658088
658657
658659
71667
750
76853
81028
83984
84096
88382
90736
915
93369
97478
1002526
1002724
101570
1034346
10663
10678
10702
10726
10806
1091052
1096246
1109712
1109714
1109717
112023
1134687
1147043
1147140
1147144
1177632
1187894
1198140
1204525
1204543
1206110
1225803
1239381
1283077
1293441
1300324
1337
1337051
136093
141454
1432052
1443941
1477437
1511761
1514105
151537
151781
1532
1532557
1562970
1608996
1610489
1623289
1623302
1628085
1653434
1713725
1761887
1768011
1780376
1780378
1782
1855373
1857843
187217
190478
1910991
1913652
1913654
1914165
1914209
1920753
1920774
1920860
1921008
1940789
1945632
1945887
1945888
196024
1960969
1965629
1977142
1982881
1985328
1987993
2020949
2049043
2053495
205868
205872
2082193
208480
2108523
2136183
2169532
2169536
2169643
2169687
2170731
2175228
218139
237446
255431
257984
260086
261392
270498
270673
279383
28200
29354
29363
301302
31943
336566
348058
35250
35254
355246
35623
358742
36841
393598
39693
398199
43304
43678
43767
45406
460384
46914
47679
477666
490103
491003
526729
53254
53463
54
545501
556261
561088
572010
61635
680277
69279
706570
709510
764561
765201
767806
78346
81409
84024
864178
871325
871327
933845
947981
977927
1004261
1033736
1033740
1036020
1046556
1049583
1116369
1155073
1175486
1181886
1213358
1217282
1225476
1245525
125288
1263547
1301100
1305674
13076
1323361
1382458
1389922
1389932
1397278
1410607
1410620
1421019
1468449
1470345
1470354
1473216
147809
1484158
1501432
1519439
1522311
1537
1541
1553448
1562256
157227
157228
1585974
1586242
1602169
1631871
1650661
1658008
1658109
1658667
166954
1673718
1673720
1673721
1686286
1689270
1715466
1720194
1720200
1720313
1745713
1755098
1769422
1770058
1776382
1776856
1796610
1796618
1796636
1796905
1805472
1816676
1841855
1841857
1841867
1842495
1844
1849041
1849104
185951
1871008
1874697
1879010
1889241
1892844
1896221
1903262
1903720
1907654
1913988
1917867
1917873
1917883
1940240
1962232
1965019
1965551
1968
1972561
1973217
1977873
1982628
2021368
2021391
2033726
2041840
2041842
2044573
2049052
2052159
2054177
2109685
2126740
2137880
2161814
2211183
2212473
2212475
2248761
2268457
227865
2290935
2292082
2294117
2304571
2304578
2305472
2447885
2479857
2486002
2491114
2500537
2508881
2511204
2512213
2518605
2546448
2570190
257274
2583453
2586975
2599615
2615184
2652309
2662430
2675109
267800
2702
2716339
2716340
2720821
2723058
2735903
2759181
2762210
2762246
2763016
2763675
2769292
2769307
28156
285562
29389
317577
346222
354352
355591
372463
37328
39482
40518
412437
419477
440482
453575
453836
47493
491918
518643
547163
558151
571438
580026
595984
59733
634155
64974
659016
71518
860243
871324
871665
87458
89053
931537
932217
935261
935863
94626
95160
98513
100134
1001865
1003354
1003355
1004
1004583
101380
102134
102148
102741
1027493
1027573
1027576
1027578
1027584
1029609
1031423
1031537
1032349
1033741
1035609
1038931
1042547
1043611
1045274
1046115
1052017
1052258
105229
105290
1055723
1069119
1069122
1070982
1071078
1071526
1072154
1075402
1075416
107629
1076412
107711
1077256
108007
108437
1085649
1085653
1089537
1089539
1089698
1090541
1090943
1091277
109263
109318
109325
1094449
1096442
1096779
1104767
1108801
1112848
1113593
1113617
1117708
1118202
1119057
1120024
112036
1120371
112235
1123820
1124756
112729
1129264
1130044
1130045
113287
1134645
1135990
1136065
1140141
1141175
1144570
1144671
114527
114528
114628
1148187
114975
1151460
1151463
1151471
1151497
1151499
1151510
1151518
1151542
1151544
1151546
1151553
1151558
1151560
1151565
1151575
1151578
1151580
1151604
1151612
1151614
1151621
1151630
1151638
1151639
1151641
1151648
1151656
1151657
1151663
1151667
1151675
1151676
1151687
1151696
1151698
1151710
1151715
1151721
1151740
1154590
1159753
118128
118246
118748
119224
119702
120963
121115
121121
124
1261
1302
1306
131112
133189
133209
1338
133858
1346
134605
135079
135082
1356
137461
137993
138294
138595
143393
144055
1456
1458
146806
146817
1471
148
1484
1503
1506
1510164
1515
152269
1526
1533
1536
1539
1549
1550
1556
155866
156974
156981
160699
161482
161895
162
1630
163885
164
1641
164115
1646
1648
165758
165813
166488
1667
166939
1677
1687
169135
1714
1721
1731
173363
1748
175552
177400
178783
179838
180295
181658
1822
185309
188566
188650
189721
190429
190976
190977
191302
192115
195250
195896
195925
196772
198119
201713
202258
2024
202750
203263
203987
204658
206391
2088
2089
209080
209263
210623
210747
2119
213224
215212
2153
216963
217027
217029
217169
221030
223558
225084
225299
225628
225844
225845
228603
228924
229549
230129
230131
232216
236132
237514
2376
2378
238209
239837
239846
240124
241559
241627
242138
242230
242750
242934
244313
244602
244830
247476
248903
249189
251051
252245
253240
254755
254757
257275
257446
261934
263474
263643
264251
264633
264634
264636
264637
264639
264843
266129
267356
268791
269287
272161
272920
273206
2778071
28114
28115
28122
28139
281992
282125
283878
284222
284915
287959
287960
290066
2903556
290384
291740
291989
292509
292806
29332
29343
29345
29353
29356
29357
29365
29375
29505
298183
299480
306138
306540
310767
316518
319054
320765
322777
322783
323412
329276
329523
330031
330033
330060
331680
332653
332654
334280
335651
338645
338796
33909
33918
33939
33941
33942
33946
33954
33978
340146
340214
340320
341225
342947
347218
349106
349931
349934
349940
350893
353161
353163
354175
354471
35519
356305
35787
358644
360436
360439
360441
361183
361207
361280
362448
362469
363885
365049
365349
366312
366382
366384
36808
368202
368253
36838
36849
36850
370977
371600
371674
373
375706
375711
376150
378533
378572
380084
381842
381848
382673
38282
38310
383414
385488
386414
386872
38778
388400
38986
390842
392018
392404
392593
393762
393921
395407
398232
398257
398694
399354
400056
400668
400757
401562
404575
405557
40575
40576
406
406432
406801
407022
40809
408558
408753
40982
410839
411626
413232
413547
414368
415059
418759
419005
41976
41985
420412
42322
424247
424823
425941
426117
428712
43064
431515
432375
43305
43306
433284
433298
433323
435141
43671
438595
439611
440168
44256
442899
44448
446369
446682
453837
454144
454153
454659
457415
460029
46173
46240
463646
465017
46606
466107
469614
470863
471513
47246
472962
472978
47490
475254
477268
477672
477675
477682
478735
480284
481148
481520
483670
48467
484770
485590
488175
489699
489916
490095
492
492223
492735
493004
495896
495897
497799
498301
498319
498373
498617
500615
501279
501496
501811
503124
504936
505322
51048
51049
51160
516845
518825
519722
521484
521488
52229
524290
526399
52770
52786
53418
537278
537295
537305
537366
537370
537372
537375
537383
537385
537394
537400
537406
537421
540507
542834
54303
543890
545498
545502
545543
546607
547529
548156
549295
549646
551101
55211
553508
555393
55583
558169
559956
561061
562698
563497
564046
565202
568663
57000
57001
570176
573251
575191
577328
577337
578463
579926
580392
589537
593404
59405
61171
61425
616951
616952
617000
619481
619798
621288
621308
621360
621364
626343
626468
631026
631034
633701
634158
635187
637886
641237
643674
645466
645491
645597
646382
647379
647623
647703
650208
650643
651591
657011
658614
659425
659528
663602
663949
664640
66850
671215
671220
671221
671227
671418
672290
673953
67503
675305
67780
67829
67855
678878
678896
679249
679481
679899
679900
680647
683017
683056
683125
684056
684061
684358
68451
686658
687213
687427
688867
689779
689782
689783
689784
692061
694239
69473
69825
69833
698645
700501
700504
70258
704121
705337
708075
708110
708116
708117
71185
712180
712722
712732
712744
712746
712914
714075
714109
716817
717785
718002
719
72000
72026
728007
732
732242
735498
74386
744511
744512
745119
745124
745368
745369
745374
745375
747302
747601
747603
747645
75180
75183
754517
756930
759821
76009
76124
762261
762482
766895
768196
768533
76865
77094
78120
795277
79604
797291
79864
79875
81424
81582
82346
82374
82375
82806
82907
83231
83338
83339
83548
83550
840
84022
84037
84595
84698
84757
856838
859043
86104
862129
862415
862466
864729
866454
866893
867080
867595
86959
872284
872970
874422
875041
875250
87650
877406
877423
877435
879202
881994
885472
886804
886839
887332
887507
890062
907186
907224
908529
908576
908809
910544
913788
915173
915330
92173
926376
926378
930798
930803
931107
931500
931937
933068
93380
933853
934119
934372
935206
937334
937337
93738
937927
93980
941985
943260
946099
946101
947013
948072
948505
948514
97142
97481
979970
98541
985740
990
992312
993069
995053
99675
998444
999944
1036780
105841
106654
11
1120705
1120746
1133319
1141647
114687
1159016
118126
1226327
1243664
1244513
1247514
1262708
1262751
1262768
1262770
1262772
1262774
1262789
1262796
1262802
1262806
1262824
1262856
1262873
1262890
1262901
1262914
1262915
1262924
1262929
1262937
1262942
1262952
1262957
1262961
1262965
1262987
1263001
1263015
1263017
1263032
1288080
1288082
1289478
1290
1302620
1347366
1348249
136273
1370120
1378168
1380392
1381123
1385522
1391647
139208
1403819
1460650
1461581
1465754
1465825
1476973
1499683
1499684
1502850
1507287
1519471
1519494
1520815
1523503
1547516
157784
1582223
1631356
163603
1638982
1660128
1660160
1660161
1671661
1674860
1674861
1674863
1676154
1679169
169679
1697780
1718951
1720299
1720302
1732019
1736209
1736275
1736312
1736315
1736318
1736341
1736353
1736378
1736409
1736413
1736416
1736420
1736443
1736466
1736553
1736576
1736587
1752228
175628
1759072
1759073
1768115
1780377
1785156
1802172
1805470
1807731
1807734
1807736
1816694
1841863
1841868
1842534
184882
1849383
1851429
1852366
1852384
1852900
1852922
1855303
186189
1871006
1871023
1873176
1881028
1881042
1881043
1881044
1881047
1892845
1895689
1895730
1895795
1895798
1895817
1895845
1896978
1897011
1897040
1899350
1903261
1904462
1906137
1915400
1920636
1930002
1930011
1930022
1930023
1945864
196
1977877
1985170
1993
199592
2150
225326
228596
228599
239974
256466
259537
260936
261299
262325
262667
264635
290309
293050
314253
31962
33052
346181
363848
370776
372663
391738
405444
405946
406341
413434
417373
426757
435289
451457
463025
515897
52226
582851
586411
60920
61015
626929
629680
653930
659018
661979
676599
698769
721785
73030
742723
74311
81858
81947
83263
83615
89154
912630
913024
930138
932213
943816
993071
2605782
2766479
2838516
2840824
2840944
1481665
1507807
2193
2775421
2838515
1697787
1898205
1130798
1655500
1675036
1685
1686
1913112
1958907
2070186
2161821
2267275
2500149
2582419
2742114
2759177
568816
937773
457394
1230998
1720204
2590867
2610880
2721134
133926
1371
308994
328004
332340
341220
537272
1262778
1852378
1907659
2838501
2838656
2997294
2024228
2292349
2086273
1647413
177437
2110
2172042
2502306
2596672
2695847
651182
731
1166950
11795
1353147
1548547
1675686
1717717
1806885
1914871
1972068
1973481
2077182
2291
2584094
264198
2681766
2697043
2708301
2732067
2802975
2810562
2893889
292415
292564
315271
398577
45656
46234
488447
521689
525897
571177
765910
765911
765912
879212
885957
897
929558
947919
489089
754064
102413
1027484
1034942
1036330
1045558
104629
1048331
1054
1054575
1064514
1077166
109320
1117177
1132028
1141977
1141979
1151501
121116
123674
1262636
136992
147640
150
151451
153026
156650
160628
161154
162202
163901
169056
170638
173365
185139
187041
187048
187051
187053
191566
191960
196822
202747
206404
214713
214806
215803
225196
2298
233069
237018
241365
247157
253314
260080
260952
263
269219
280473
28223
287958
296052
304413
317658
318480
321268
321763
328003
328005
333139
340467
340719
344884
356660
360463
364317
369883
37382
379073
382455
387093
390612
392725
396322
398052
406095
410344
413330
414
419481
424902
426706
427861
434086
435880
437505
438854
442382
444918
453213
453214
45495
46199
468521
468526
468527
468528
475795
478105
483016
490090
499207
501497
501894
509576
515603
526863
53329
53405
546416
557143
562924
56602
56606
56802
568180
570951
57666
577349
577388
580957
593133
61598
631362
641297
641840
644221
645467
665613
673291
67573
681155
687525
70022
715882
742053
747483
756249
792635
79928
81840
84972
84973
84979
84983
85075
86
861111
875298
90730
913100
91360
915312
93461
940536
94142
944330
959
96941
97299
97302
1641811
1655586
1131317
1222338
1327956
1340534
1446490
1541883
157268
1655314
1675606
1720495
1981499
1981500
2047801
2070181
2250214
2315628
2681604
2696426
2783801
2886901
399183
448384
469615
50948
517418
576789
694427
698486
698487
698488
698489
1873778
187764
2053697
2696379
2776821
2798729
285729
2912629
671211
12302
283734
53345
754330
1407493
151535
151536
151538
151539
1574624
175950
1862672
1896974
1913651
1914852
1965582
266762
35269
36343
435637
1805714
1904861
2094151
2211365
1093224
28123
28126
545962
76122
915178
1118061
1807751
2005518
2840917
2011094
2094242
2486468
1068978
1076124
1078773
1079
108980
1146883
1179773
1221524
1234841
1262470
1283291
1325112
1325114
1327635
1328866
1333996
1404741
1404888
1415630
1437009
1440763
1446794
1449976
1478019
151783
1526658
1544730
1549949
1550579
1586287
1641402
164608
1715720
1758194
1768242
1778678
1784719
1795043
1795630
1795631
1804986
1804990
1809410
1813871
1813879
1838286
1849581
1882682
1896961
1914461
2005884
2020412
2024580
2025949
2029849
2058624
2058625
2082386
2107713
2126319
212767
2182432
2202148
2211211
227318
2303331
2305508
2315862
2419771
2483404
2483798
2488560
2493673
249586
2497863
2501295
2518370
2559073
2559074
2565366
2576891
2583243
2589903
2589976
2598579
2599293
2599640
2601898
2602015
2607753
2653203
2653857
266835
2681549
2681552
2683590
2697023
269798
2703789
2705548
2708084
2708338
2709380
2711231
2712222
271848
2721246
2735133
2735134
2735433
2740462
2744515
2745196
2752515
2759943
2762322
2762323
2774151
2774875
2777475
2781735
2789216
279058
279113
2806210
2807512
2807626
2814653
2819978
282217
2830998
2839983
2840468
2842453
2847060
2851567
2862869
2872652
2877941
2880934
2886930
2895559
2896848
2914159
2917724
2997354
307486
337
338584
340268
375286
390989
391735
401471
431944
434009
434014
445576
457423
460265
463040
471852
47853
504832
512565
639283
649831
661488
662548
66374
69665
700598
748247
758793
83627
860235
862126
943830
945844
1034889
105219
110319
1170710
117157
1179817
120107
1223566
1232667
1315974
1325102
134375
1353891
135719
13689
1404649
1404768
1449978
1517551
1592790
1670
1745854
1768
1795874
1798224
179879
1827469
1850374
1867715
1882831
1897536
1906
190721
1914
2049881
2052956
2079793
2080742
2094021
2099583
211114
212765
240016
244734
2493093
2493107
2493669
2493670
2493671
2493672
2493674
2493678
2493681
2498704
2499144
2508880
2509455
2562582
2570229
2578113
2589080
2590772
2592652
2592815
2593653
2594454
2594455
2594456
2594459
2594461
2594462
2596913
2599805
2603292
2613771
2662028
2662034
2662361
2678260
2685869
2686094
269660
2709302
2709303
2711156
2714924
2721244
2744518
2749808
2760713
2761535
2762559
2773266
2778902
2792008
279238
279828
2799495
2813778
2820278
2826993
2846775
2849093
2855434
2865832
2872154
2903960
2906072
304378
321985
334542
334852
33910
396588
407020
410
414684
419479
463191
60550
670307
68223
68239
714943
739141
80880
863372
993502
1096
113565
11830
1283287
144185
191495
213312
271108
304895
332163
347481
354356
380021
38284
402650
540746
67348
870903
88139
95486
1144319
1206749
1232866
1300272
1327776
1380357
1399969
151534
1555112
1566270
1566271
1623306
1645681
1736496
1774969
1777133
1801619
1801620
1803507
180504
1813876
1841861
1855286
186479
1881037
1881040
1882750
1882771
1882795
1908690
1945856
1955698
2006134
2015576
2056857
2066070
2135487
2135502
2135670
2201155
226910
2303330
242527
2748760
279280
279303
279530
335797
35241
361575
36814
374422
394096
406340
420952
48665
515393
51670
53367
582680
644524
663557
68280
857265
1032527
1036778
105422
106412
1132441
1144304
117681
1230389
1279261
1287074
1295366
1298857
1298863
1298913
1306990
1307853
1380347
1380355
1380356
1380388
1380389
1380390
1380391
1380394
1381597
1406431
1442381
1458357
1490222
1500308
1500894
1560005
1566285
1576605
1577686
1577687
1588020
1588641
1615890
1619232
1641850
1641851
1641856
1641860
1641861
1641866
1641869
1641870
1645614
1697973
1736305
1736439
1736465
1736492
1736528
1747220
1747221
1747222
1747223
1747224
1855297
1855730
1867774
1871070
1882752
1884311
1884352
1920169
1938796
1938809
2026353
2051959
2072017
2135605
2135665
2135718
2135721
2135733
2170551
2219043
2233914
225324
2268027
2282381
2306585
242606
2485105
2485170
2487275
2511166
2559607
2559615
2561933
2562669
2572036
2587116
2592814
2597670
2597822
2599607
260084
2663798
2663807
2663829
2666082
2666085
2666307
2675747
2675748
2681413
2706051
2723083
2723087
2723089
2729387
2735881
2735882
2768065
280293
280871
326474
33011
341045
352211
357400
35754
363832
377616
388466
392734
393303
418856
433644
433660
436229
43664
470868
484088
502181
515499
53388
553447
570835
595671
621374
634784
643052
68217
69664
84725
92933
100
1004350
1004370
1004498
1004531
1005302
1005925
1006894
1007094
1008129
101042
1026
1027
1027492
1027554
1028226
1028228
1028742
1029596
1029608
1029610
1030307
1031
103441
1034798
1035619
1035630
1036163
1036520
1036526
104097
1040972
1042957
1042977
1042985
1042989
1045382
1046111
104662
1048205
1048388
1048753
1049221
1051161
1051554
1051561
1051562
1051564
1051565
1051569
1051581
1051899
1052561
1053602
105419
1054972
1055355
1056788
1057
1058
1068611
1068896
1069
1069118
1069216
1069897
1069963
1070093
1070104
1070870
1073251
1073412
1073854
1073857
1075417
107633
1076346
1079226
1079529
1079538
1079575
1079673
1080
1080074
1080381
1081614
1081788
1081863
1082345
1082636
1082709
1082868
1084469
1084520
1084527
1085
1085866
1086
1086525
1086530
1087
1088767
1090615
1092418
1092421
1092424
1092439
1093695
1095566
1095568
1095580
1096282
1096289
1096750
1101400
110662
1108985
1108987
1108992
1109220
1111140
1111972
1114474
1114590
1117709
111803
1118054
1118097
111831
1119095
1119174
1120030
1123043
1123557
1124115
1124187
1125875
1127
1127668
1128661
1128664
1128670
1128678
1128682
1128718
112901
1129263
1130158
1130177
1130202
1130746
1130747
1131162
1131567
1131572
1132488
1132678
1132682
1132695
1133344
1134462
1134595
1136000
1136028
1136071
1137493
1137933
1141846
1141874
1142234
1142239
1143294
1144705
1145307
114531
114696
114805
1148218
1149986
1150017
1151533
1151547
1151682
115435
1159
1162980
119485
119917
119980
120
120681
121117
121290
121291
121616
121735
122605
1229
124252
126347
126579
1274
1276
128802
129052
1303
13276
134285
134551
134553
135080
137722
138295
138351
139438
139808
1409
144023
1449
1450
146801
1493
152262
152271
152480
152525
154
154117
156978
156980
157692
158192
158897
159343
159723
161879
163292
166793
1671
167653
168379
170630
171234
171403
171674
173746
174925
1790
179467
180195
180508
1809
181071
182367
182984
1831
183593
1837
1843
1848
184870
185334
186651
186660
187079
1877
187868
188
1880
188698
189747
189863
189967
190197
190480
1908
191499
192756
193095
1931
1946
1947
195801
195910
196147
196160
196616
197347
198253
1996
200936
201977
2020
2021
203175
203183
204470
204654
204773
205844
206249
2064
206681
207295
207608
209389
209460
210512
211113
211589
212189
212775
214773
214794
217067
217168
221583
222539
222605
222608
223371
223527
225054
225198
225361
227524
227605
231434
231438
232259
234196
234202
234220
234644
234671
234672
235368
235623
235645
235646
236068
236511
237727
237795
239806
239808
239834
239907
239919
240169
244345
244799
248902
249
252231
252474
253962
254356
255851
258125
259390
260078
260354
261685
262077
263064
264025
264733
265484
265671
265879
266855
267341
268401
277961
278058
279360
279824
279856
279882
280
280285
280291
280299
280300
28064
28082
28088
281
281252
28210
282165
28235
282403
284028
284834
284875
284890
285486
285545
286803
288769
28907
29324
293545
29396
29405
29443
295419
29571
296218
299143
300193
303380
304077
304584
304893
306205
307497
308034
310744
310974
311235
312186
314670
317019
321462
322163
323423
323728
324707
326355
326476
328075
33002
330226
330924
332158
333140
335383
335431
335599
335627
335637
336408
337267
33884
33901
33904
33984
33995
340071
340094
34010
34017
340363
340680
34086
340868
34087
343412
343512
344163
344986
345309
345341
345678
346387
346389
349316
349510
349750
349819
349963
351583
353159
353224
354197
354630
355930
356613
35761
357808
35791
35809
35816
35830
358477
360055
361111
362523
362649
363275
363279
363630
363868
365033
366353
366542
366570
367279
367299
36740
36823
36852
36875
36878
369829
370622
373377
374655
375064
37625
378211
378585
378619
378668
37921
379900
380243
380250
381300
382448
382497
38304
38312
384206
384273
384275
385766
385867
387652
387872
390601
391597
392608
392711
392723
392844
393310
394092
394193
39480
395929
396505
39776
398037
398049
398051
398054
399556
40001
401470
401990
40218
40223
402297
402877
404941
405210
405671
406431
406515
40682
407164
407341
408030
408174
40990
411243
411318
413325
413338
413347
413361
413912
414048
414479
415069
415227
416229
416244
417278
418306
418646
418707
419192
419933
420324
42253
423561
42422
424512
424796
424814
425677
427326
427433
427744
428635
429726
429739
431402
431500
431516
431540
431553
431810
432296
433606
433641
433663
434777
434781
435
435856
435914
436133
436228
436343
43670
437509
440142
440153
44032
441463
441599
442
442389
442868
442969
443016
443143
443144
443146
443157
443601
445215
44576
445949
446684
446786
447471
448123
44824
45056
450646
45073
450800
452922
454178
454599
45465
454661
455
455253
45657
456835
457939
458841
459515
459519
460
460257
46161
46186
462359
462914
463200
464126
464132
464135
464136
467689
467748
468916
471584
471787
471789
471796
472834
47479
47482
47496
475456
475457
476
476831
476839
477638
477652
477679
477998
478111
478447
47859
478744
479347
479348
47990
480
481146
481366
482114
483285
483423
485599
485783
486267
487318
488825
48935
48936
490096
49186
491923
492426
492543
492651
492790
498021
498055
498311
498916
500
500162
501815
502331
502332
502335
503941
505248
505378
505694
507843
509198
51
510947
515194
515326
515407
515949
516992
518688
519777
520032
520094
520212
522319
523408
523636
523697
523788
524289
524292
525712
52697
52699
528168
529703
529705
53024
530689
531830
53359
53398
53422
53423
53461
536845
536911
536957
536959
536960
537276
537284
538021
53972
544910
545536
545621
546413
547014
547187
547887
548168
548905
549002
549323
551276
552063
552518
553151
553636
553978
554107
554126
55505
555215
555373
556055
556542
557912
559629
560556
561134
561503
561720
562969
56359
564064
564100
566001
56605
568072
568291
568672
569559
56976
56979
570163
57027
570281
57040
570441
571899
573321
573658
573739
574686
575402
57591
577386
579141
580207
580210
580218
580220
58133
585318
585324
586230
588171
589380
589395
590594
590596
591204
59288
59299
595692
595693
59737
598611
598632
598646
599830
604160
604302
604313
60552
60921
61169
613195
614671
61592
61596
619778
619781
619786
624378
626419
627498
627505
627619
627675
631222
633672
634
634770
640512
641446
641484
641664
641704
642776
64323
643672
646222
646273
647976
648751
648782
651086
651253
651665
653929
65552
657018
657517
659451
660515
661480
661492
663275
663603
663607
663610
66378
664418
665083
665126
665460
666684
66700
66893
66897
66969
669934
670288
670291
671077
671228
671529
671857
67312
67316
67326
673307
673308
67334
67344
67353
674486
674617
674691
674719
674731
675431
675434
675776
675872
676202
67774
679248
679260
679732
680648
68196
682446
68247
68268
68292
682967
683016
683135
683154
683155
684064
684361
686298
686797
686800
688848
689859
689879
689905
690585
692418
692990
694025
696074
69647
69663
697390
697445
697475
697483
698994
699461
69962
70273
70586
70611
707216
708077
708092
70811
708122
708125
708128
708619
709339
709340
709343
709845
70998
709987
710720
713459
713583
714116
714166
714549
715174
717854
717861
717875
742033
74319
744189
744292
744326
744347
744859
744979
745373
746562
74661
746841
74700
74702
74720
748817
748828
749233
751969
75290
753117
753127
754434
755194
758772
759415
759929
763426
763440
765198
765835
768480
77007
774
78126
78539
792647
795283
795639
795645
796094
796100
796585
79912
79925
80877
80878
81029
81425
81475
81943
82801
82805
83
83447
83460
83552
83765
839493
84
84362
85401
856736
857432
857435
858457
859294
85965
860790
861051
861135
861532
86166
862127
862467
862472
862486
863227
863446
866565
86666
866731
866763
867177
867187
867678
867683
869022
869397
869636
87352
875239
875240
875243
875271
876158
87645
876813
877486
88072
880732
882175
884082
884107
884155
885486
885495
886343
886797
886818
886824
886854
886903
887475
888122
888124
888844
90241
904059
904715
907365
908561
909618
910543
910545
911092
911112
912552
913267
913793
91822
92487
926187
927
930077
930201
930972
931501
931503
931629
93219
933063
933073
933080
934008
934164
935823
936229
936574
938405
940547
940554
941449
942894
943942
944314
944608
944887
944983
946098
948302
948305
948623
95172
956
97304
977794
979194
980631
981
981157
985718
988758
989339
989403
990371
990372
991901
993086
993087
993690
994578
994623
99480
995033
995041
995044
995050
995084
995105
99594
99598
997020
1036181
1038867
1040986
1040987
1040989
1052260
1071679
1076525
1078086
1101188
110935
1112214
111804
1120045
1125973
1126627
1137991
1137993
1148509
1151122
1157635
1172179
1187851
1190417
1206085
1217718
1229203
123320
1260918
1268622
1282360
1282361
1282362
1282363
1283283
1287292
1296565
1322334
132249
1329895
133190
1349818
1353886
1359208
1379
1380346
1380350
1380353
1380354
1380370
1380385
1380386
1380393
1382303
1391627
1399968
1424659
1428620
1428644
1429916
1443993
1449076
1450524
1454010
145857
1463825
1463857
1464554
1465811
1470358
1470591
1497613
1500261
1500263
1500264
150121
1502724
1502773
1503054
1505946
1510531
151414
1518501
1523422
1528099
1538295
1539142
1550230
1550231
1550232
1550233
155974
1561023
1566282
1566283
1574409
159449
159450
1609095
1609758
1610703
1642040
1642949
1643920
1660087
1660129
1660132
1660138
1660139
1660141
1684385
1686064
1689271
1704044
1710355
1714373
1735679
1735683
1735685
1735686
1735688
1736215
1736232
1736237
1736251
1736266
1736280
1736282
1736293
1736314
1736316
1736337
1736339
1736350
1736354
1736356
1736362
1736365
1736379
1736390
1736395
1736397
1736402
1736403
1736408
1736431
1736433
1736441
1736471
1736478
1736483
1736498
1736501
1736517
1736521
1736525
1736539
1736540
1736546
1736569
1736570
1736575
1736594
1736601
1739113
1745378
1752203
1752222
1755647
1761746
1761747
1768753
1768757
1772277
1775951
1777134
1777144
1793
1797501
1797561
1797585
1797663
1798195
1798227
1798228
1798318
1801
1803475
1803665
1805166
1805225
1813946
182403
1827382
1827383
1834066
1834073
1834082
1834512
1839783
1841859
1841860
1841862
1849032
1853130
1855289
1855292
1855306
1855315
1855318
1855319
1855321
1855324
1855349
1855728
1856862
1866
1869
1873462
1881030
1881035
1881045
1881046
1881048
1881103
1882748
1882760
1882773
1882774
1882825
1882828
1891671
1895690
1895701
1895709
1895723
1895752
1895753
1895754
1895781
1895783
1895790
1895809
1895811
1895815
1895832
1895833
1895848
1895849
1895934
189753
1898731
1898736
1898743
1904640
1907403
1915074
1933817
1945854
1945857
1945858
1945859
1945860
1955065
1955422
1960309
196490
1978342
2017
2036
2047
209249
211460
219305
244292
246602
253839
257003
261654
273168
278963
281473
28213
285679
287986
298655
310782
318996
324058
328049
33051
334801
335659
33876
33881
33895
339268
343013
351187
35752
366584
371720
386056
39956
40683
407019
408180
408184
427754
433924
444608
452529
453246
453247
460086
465820
47839
47864
485602
49185
492774
504797
504800
538381
54010
545123
546364
574934
582667
582672
58344
590652
59803
59839
629773
634430
65655
660537
661329
665007
670052
67385
67581
683260
683315
68565
69370
69373
709839
745366
75293
761804
765414
767916
76978
864051
866564
871203
89050
944435
948077
984307
985
991904
1045317
1076550
1118379
115561
1173749
1176646
1183413
123899
1241978
1265445
1306993
1338011
1353260
1399115
1416806
1486262
1492898
1493872
1517554
1530123
1552759
157779
157782
160826
1609967
1619153
1636610
1637862
1646340
1661694
1690220
1691904
1697053
1758189
1765049
1771309
1774216
1788
1791
1825976
1827580
1837283
1850526
189381
1898684
1905847
1906742
1972431
1987723
2015316
2027405
202954
2041
2051553
2055
2056231
2070337
2070347
2070348
2071607
218284
2184083
2201999
2202825
2202826
2202827
2202828
2211212
2220073
225148
228405
2478663
2489212
2492396
250
2500532
2502779
2502979
2518371
2565555
256839
2582914
2587844
2587849
2589074
2589665
259
2592345
2594003
2594473
2596915
2599297
2603276
2613770
2650471
2653850
266940
2692330
2711215
2714939
2714942
2714943
2714944
2714945
2720720
2725560
2729175
2730360
2735906
2736757
273677
2745947
2748865
2756133
2759526
2762748
2763257
2764186
2778054
2785907
2787629
2795488
2804758
2807101
2811423
2814655
2825845
2834768
2838877
2840474
2841594
2841925
284581
2862880
2871174
2875729
2876939
2879427
2886505
2890321
2893890
2896849
2898076
2898151
2898794
2906062
2920939
29314
29570
300019
311180
323284
335406
34004
363835
37931
379684
386490
386874
39695
41170
412384
424800
433659
436717
44574
451876
452662
452863
470932
471854
479978
485898
487316
515350
554344
62977
640081
661481
676
692370
693986
698828
702113
709810
741155
908290
979556
1004901
1088721
1096868
117567
1197884
1224749
1274359
1368430
1479019
1546149
1609531
1628086
1761789
176299
1795053
1813611
1827305
1849031
1873716
1881016
1907575
1914541
1920116
1977566
2005458
200991
2014534
2015795
2018305
2039870
2052056
2060726
2067415
2069256
2072405
2072408
2072409
2072412
2083052
2185111
2338327
240521
2482728
2483401
2495429
2495430
2497456
2518599
2545632
2565554
258505
2587597
2588937
2603598
2609667
2651048
2675222
2676077
2708352
2714936
2714938
2726118
2726956
2735317
2742133
2742639
2749844
2768165
2778077
2780074
2782568
2789327
2793103
2816454
2829818
2831000
2846778
2855441
2864102
2879939
2883106
2884220
2886821
2912628
291594
29320
299152
307121
332999
356852
418223
44577
470933
47857
47858
47865
47872
53358
56107
57043
571256
592316
660596
664683
67351
68203
698761
76947
857252
1079994
1096756
1176649
147266
163665
202950
2033
2208
230105
238
349221
35792
362787
365489
394098
412383
454586
470934
52133
553384
593105
65
68204
68213
79329
81032
85085
891974
94254
1005926
1007869
101564
1017277
1035662
1037355
10679
1090133
1109713
1131315
1136105
1150368
1235689
1273742
1288410
1340830
1354510
1416778
1416779
1492922
1513896
1519190
1612203
1643450
1692239
1743140
1748298
1756149
1774971
1784712
1785128
179237
1793722
1807
1895771
1910993
1913650
1914850
1920762
1985293
2008672
2022662
2086571
2152717
216903
2169414
2169654
2170735
2182793
235987
244310
261726
296995
311334
33907
342002
348137
36807
399185
404875
40631
419474
463044
470931
472583
487698
52442
573591
586416
634771
645617
656
665033
80871
942865
1035
1064518
1145106
1148157
1166323
1169146
1194167
1202724
1280598
1301026
1302685
1323422
1339253
1382456
1393051
1395608
1416776
1428657
1431344
1434700
1437280
1457233
1457234
1461259
1461577
146938
1474952
1476465
1499689
1517760
1530191
1549648
1566262
1591085
1617282
1638162
1706000
1708790
1736298
1742264
1742972
1759076
1759536
1775560
1798239
182220
1836499
1855283
1864947
1884793
1898
1898732
1907411
1913989
1928657
1949085
1968276
1978493
2040281
2045451
2067658
2069438
2137479
2173175
2202419
220343
2233852
225362
2259330
2268757
2282478
2305437
2307010
2340725
236814
2419510
2420510
2448455
2479004
2479851
2485131
2499629
2502195
2502232
2512129
2512131
2555725
2561931
2562762
2562892
2562948
2563444
2565928
2572203
2586972
2586979
2587011
2587035
2587115
2589816
2594794
2599295
2605433
2653148
2663831
2691959
2714858
2719047
2735269
2735883
2735885
2740583
2763500
2767595
2769289
2769423
2771362
2780088
283923
285080
314266
328517
33998
340221
375541
384678
392412
395387
395935
396323
39650
397258
402171
421115
428988
428990
428993
436663
46188
47882
517720
546892
564198
574649
575322
578942
584787
589035
637577
658457
659595
69280
69284
715784
74829
763993
857427
86193
869719
879969
89772
904039
985016
1007092
1009689
1010684
101398
101749
1026760
1027577
1027606
1028237
1030310
104102
1042684
1048734
1049009
1051556
1051626
1072341
107634
1081025
1084523
1113768
1113771
1113812
112248
1124180
1151528
1151572
121118
122360
124225
138346
1487953
153494
1615
163605
181070
185243
188731
1904968
1913
194702
198706
200252
200413
201975
208968
215523
218998
219748
229187
231523
231526
2333
235372
236256
258020
261473
264297
265880
268369
269253
270914
274559
2778531
28202
28212
287535
289483
29527
298794
304375
309890
310696
313425
313798
317664
324057
331697
336839
33920
339688
347072
347800
349313
351215
358591
359359
360462
360963
363846
363867
367165
371144
373391
373967
375061
376290
37633
377165
378574
379455
382461
386987
391736
392410
393481
395938
39774
398046
398048
398978
402001
404903
406546
412896
413355
413363
413399
413593
418702
419938
431554
433330
433662
437778
438752
442870
445845
451023
455360
45622
46223
462372
463825
468603
471514
472165
477680
479391
480520
483430
48464
489758
490189
490227
490979
493569
509090
510136
518684
52022
53427
540978
545890
551130
554110
555372
557571
559628
564138
573268
575001
578289
589104
591372
591862
620910
623694
642790
645275
650004
651480
653908
659006
661089
662858
663604
665130
674693
675340
675866
678881
68211
683041
687207
693023
699129
702742
707212
708087
709337
712422
714902
717427
717853
759411
763058
77675
84634
866472
867797
869805
885473
889268
891
904057
907675
907778
907779
913772
913806
926380
929143
933545
936034
944891
994518
1007099
1076551
1119528
1141221
1166073
1192054
1220495
1295626
1339233
1397275
1420591
1453492
1500259
1502745
1502748
1502749
1502758
1502760
1505605
151894
1520813
1523420
1545443
1549810
156977
1570344
1572751
1586708
1603897
1619947
1628856
1638163
1660088
1660089
1660124
1660162
1691903
1697043
173366
1736287
1736291
1736295
1736301
1736311
1736332
1736391
1736399
1736473
1736537
1736574
1736691
1737983
173990
1761782
1761804
1762962
1777140
1786003
1792508
1796033
1805473
1834092
1834143
1855333
1864509
187400
1879023
1881068
1891970
1895746
1895763
1895807
1895825
1895837
1895839
1895846
1895899
1895905
1895924
1895926
1907398
1907413
1930747
1933868
1955620
199136
202611
208443
218821
262898
273678
288768
29421
295069
300028
307643
318425
363331
402385
402600
415229
416872
417102
419597
420994
427683
429727
454006
536979
579478
590061
68170
71191
75922
795666
946078
993073
1232428
1681
2070187
2070188
2682455
2682456
2709317
2772061
2772065
2772067
2772068
2772070
2772077
2772080
2772085
2772086
2772089
2772090
2772093
29466
39777
39778
879243
1211417
1316254
2714926
2714927
1099853
1161942
1226323
130308
39496
457392
457412
469588
563193
658089
665956
908612
1261637
1501391
1547597
1574263
1603888
1608898
1776081
1776392
1911679
1965537
1965555
1965560
1965576
1965604
230158
28128
37105
384639
537874
590739
633135
644007
977801
1131336
1472416
1472417
1535962
1796628
1852381
1871035
1944635
1965547
1965659
2015901
2026772
2086583
2259133
2358141
2508949
253257
2763664
36832
423477
1003357
105834
1080071
1095186
1096931
1120325
1143336
1151478
1151496
1151576
1151741
121726
1310
135083
143361
161544
1626
1652
169061
176292
187044
218205
225300
228574
237491
244
249541
253239
265981
268407
274748
278132
28029
281920
284842
287478
29322
29329
29355
309120
311785
318481
31909
31973
340471
353168
354438
36805
36839
36847
36848
378528
405437
40577
41274
419208
420645
426128
431596
433320
43995
43997
442391
44751
447595
471783
492819
509566
512397
537376
537388
537417
55565
557450
55969
569859
576996
577333
583272
583273
589437
638643
641711
645887
65700
671210
685668
692060
732236
745820
747602
762096
76489
796942
81950
82203
84136
842
871662
89093
936378
113107
1262689
1262700
1262705
1262736
1262761
1262775
1262777
1262779
1262781
1262782
1262785
1262791
1262794
1262804
1262807
1262811
1262813
1262826
1262832
1262841
1262848
1262857
1262868
1262869
1262872
1262876
1262877
1262878
1262880
1262881
1262882
1262884
1262888
1262889
1262911
1262944
1262948
1262953
1262969
1262970
1262975
1262988
1262992
1262998
1263003
1263004
1263005
1263010
1263019
1263020
1305
1638786
1653435
1697781
1780380
1780381
1852894
1855299
1870991
1871018
1871020
1871030
1896979
1897015
1897025
1945634
1965587
249188
46228
2652274
2838433
2838442
2838585
2838669
2840923
2838416
2292372
2292997
2293022
2293024
2293035
2293047
2293138
2293015
2293125
1008152
1017351
1033806
1048396
1073996
114529
1188256
1198301
1208324
1229727
1250539
1333523
1379903
1380432
1407499
1417673
1420917
1457250
146919
1545044
1547898
1586233
1592728
1603606
1604004
1609966
1620421
1632864
1648404
1670831
1671721
1679096
1699371
1710539
1710540
1729720
1806508
1816183
1823759
1826607
1853682
1853690
1853699
1873524
1891926
1914872
1932004
1932360
1943633
2027857
2033869
2039234
2044521
2055893
2058175
2126553
2175149
2220096
223182
2242
225937
2292766
2304594
2497325
2505977
2527978
2527995
2528009
2565781
2572577
2572921
2579971
2587843
2588711
2599399
2605946
2608982
2610902
2650975
2653681
2653851
266117
2675099
2686365
2686366
268739
2705471
2716717
272569
2739057
2743089
2743090
2747817
2748098
2749995
2761619
2784880
2789856
2795687
2810537
2816475
2817025
2823043
2836432
2841257
2871694
2872158
2876190
2876193
2876194
2878391
2878535
2878680
2884875
2884876
2902623
2902624
2904243
2908210
2916754
29284
2982524
309800
337243
348780
348826
35746
358396
362976
370324
373994
398580
406552
416348
519442
523841
540747
543526
547559
555573
561184
588898
60847
61858
634157
660522
662476
694430
69527
699433
745377
751944
754409
755307
795797
797210
797299
797302
797303
797304
869886
869889
88724
945713
980254
1061
1085623
1122214
1168034
1248727
1250205
1267768
1294273
1335048
1336796
1384459
1396826
1400387
1411902
1484118
1516059
1564506
1579979
1702325
1703338
1703340
1749259
1761794
1765967
1774
1789672
1798193
1798225
1810504
1817965
1850250
1896196
1917158
1936080
1945662
195105
2003315
2011159
2014542
2057808
2058133
207949
2169400
2170729
2182384
2247
2304600
2488665
2502843
2527989
2528024
2529032
2560053
257708
2587163
2587846
2587847
2587850
2587851
2588299
2590021
2590022
2590551
2601894
2604537
2605989
2654191
266951
2706887
2733484
2739433
2742145
2792603
2819280
2829500
2856823
2867231
2867233
2867235
2891210
2893883
2894755
2895796
2920386
293091
293387
313624
314285
326298
35743
386911
388413
396
411684
418719
42881
43057
475662
517417
553982
572477
57705
645
645517
649638
682998
686597
754417
76258
88773
930805
935222
991905
1033846
1150997
1170320
119434
1227480
129789
171164
2238
2246
2248
2254
229204
244363
255616
267368
28442
29282
29283
302484
35742
35745
368454
368623
368624
381852
396317
409316
411361
416585
419186
478441
51589
64713
756883
1082479
1126245
1383844
1383851
1765655
1911604
2032630
222645
229203
262076
50718
561365
660521
699431
756285
930118
996166
1196024
1198300
1247963
1316679
1364937
1419722
1480675
1498500
1565536
1569211
1611323
1758255
1859131
1915063
1923971
195913
2217661
2487041
2493082
2511997
2528003
2565931
2583990
2583992
2607998
2668068
2668070
2668072
2691582
2775868
28181
366533
376171
441119
616675
619304
64178
81033
88274
890425
1008142
1008143
1008160
1008173
1046043
105158
105175
1053639
1054493
1068895
1070434
1071737
1072681
1086013
108906
1089710
1089715
1089744
1109741
1131609
1137453
137349
162195
164333
164354
167881
170629
175632
179538
179539
187046
1904967
195926
197478
202748
231715
236087
236115
236261
241368
247634
266761
268735
269135
279855
284900
284902
311399
313367
313368
323450
323739
327095
329273
33905
34032
34068
343405
347016
355244
362886
368187
374425
381308
386891
392714
396812
397271
402734
40414
414364
414469
421485
424816
430914
435906
43928
44012
441115
453225
454600
46357
467661
46770
46897
470826
470866
485833
490093
490094
490187
498908
504483
52021
526865
545273
553467
553468
555874
555875
557142
57002
571298
575195
577395
588166
589557
634765
640208
641543
641785
65401
65553
659123
660517
660518
671145
680675
68291
686855
690083
69528
700675
708072
708121
71383
714
717751
744725
748766
751977
755309
756671
762480
762491
767515
767519
789
79862
80872
81912
862090
869479
869888
869890
869891
869892
869893
887425
889948
889962
89524
910056
910080
910083
910089
910091
910134
910138
915059
931585
932822
94731
95150
1186196
1194088
1202768
1236180
123783
1293047
1293048
130048
1367881
1380430
1412873
1416969
1431545
1448860
146826
1514971
1678448
1705562
1729458
1729464
1765055
1765057
1869245
1906246
2257
253107
287098
29288
301967
332168
332953
355548
370323
387343
413812
416273
43776
44930
489138
504937
553469
566466
619731
62320
650891
660520
1050714
1170699
1283076
1314869
1336795
1386941
1390185
1603555
1671868
1714849
1714860
1720343
1751056
1930557
1942464
2058134
2173169
2259672
2268451
2282170
232537
2358187
2490635
251749
2654676
2686362
2736252
2744027
2745558
2777186
2777577
2779360
2830782
283699
2893886
29497
39694
455364
529884
583355
755272
880159
880161
1239415
1278309
1314866
1315282
1388755
1453429
1678129
1751100
1855377
1896175
1977864
1977865
2016196
2058135
225849
2494375
2589991
2661922
2745560
2745561
2745562
2745563
2745565
2745566
2775246
2829835
2839744
2871165
373996
52443
1123864
1123865
1208365
135577
181082
197222
236100
256847
293089
386428
404011
439493
452680
696472
10661
136084
1411685
151528
1658618
1689867
1736541
188908
1960830
1969479
1986783
2013068
2013073
2018467
2024825
2024847
2026729
2058314
2080765
2516557
267
294631
337039
354260
368405
388384
438482
880162
1007511
1249978
1392489
1479524
172371
1840331
2026760
2026784
2059726
2135632
225971
2506423
2511932
2687242
2696062
2759849
304208
335975
430457
43660
494416
592361
70584
1004371
1073864
1089306
1109327
1109328
1120322
1120323
1133563
137584
187052
191557
191567
197015
198021
203980
205996
235898
236265
247641
287488
321812
354246
368231
385492
39772
414362
418304
427863
432294
44737
45243
475083
490173
50058
503959
517742
523410
528063
53249
555883
588173
641519
650236
66354
683009
685625
69210
73814
792649
911197
927086
934190
985055
996342
1007118
1009415
1009708
1009709
1117702
1123866
1298885
1392488
1419876
1622229
1622230
1622232
1655592
1661711
1661713
1661714
166318
1696173
1736490
1736590
1752232
1811643
1882734
1888996
1917157
1978761
1978762
32052
332249
64988
859653
913333
913337
939306
939324
939346
2487346
