;ID0;ID1;ID2;ID3;ID4;ID5;ID6;ID7;ID8;ID9;ID10;ID11;ID12;ID13;ID14;ID15;ID16;ID17;ID18;ID19;ID20;ID21;ID22;ID23;ID24;ID25;ID26;ID27;ID28;ID29;ID30;ID31;ID32;ID33;ID34;ID35;ID36;ID37;ID38;ID39;ID40;ID41;ID42;ID43;ID44;ID45;ID46;ID47;ID48;ID49;ID50;ID51;ID52;ID53;ID54;ID55;ID56;ID57;ID58;ID59;ID60;ID61;ID62;ID63;ID64;ID65;ID66;ID67;ID68;ID69;ID70;ID71;ID72;ID73;ID74;ID75;ID76;ID77;ID78;ID79;ID80;ID81;ID82;ID83;ID84;ID85;ID86;ID87;ID88;ID89;ID90;ID91;ID92;ID93;ID94;ID95;ID96;ID97;ID98;ID99
ID0;0.000000;0.734039;0.717722;0.854374;0.816281;0.865515;0.877105;0.896693;0.835053;0.829809;0.927580;0.841109;0.860975;0.863333;0.942375;0.911667;0.834587;0.832313;0.921978;0.864332;0.914226;0.873562;0.879055;0.832386;0.847671;0.917377;0.839929;0.835444;0.849327;0.827033;0.857375;0.867326;0.855473;0.887232;0.872047;0.861997;0.865535;0.912497;0.853923;0.859796;0.859308;0.728184;0.886156;0.863512;0.846551;0.818971;0.822890;0.886721;0.829162;0.910982;0.837377;0.877146;0.821614;0.875922;0.837351;0.874572;0.921764;0.865165;0.921930;0.842424;0.891727;0.870809;0.894783;0.914481;0.913692;0.901944;0.890874;0.887194;0.862404;0.852117;0.856285;0.896815;0.894060;0.824301;0.856366;0.846536;0.874282;0.887957;0.909875;0.851239;0.833776;0.825507;0.861357;0.843037;0.820426;0.850108;0.864033;0.828978;0.857667;0.857533;0.879517;0.826436;0.831293;0.833429;0.983207;0.989496;0.897762;0.791561;0.845273;0.974567
ID1;0.734039;0.000000;0.353806;0.587883;0.814420;0.776032;0.883941;0.881931;0.808733;0.794275;0.905818;0.824591;0.849872;0.850102;0.930231;0.882661;0.798880;0.807687;0.893715;0.888241;0.887130;0.861259;0.801236;0.838246;0.801330;0.915759;0.822136;0.826812;0.817967;0.845453;0.819219;0.848331;0.854694;0.902523;0.888348;0.827899;0.825262;0.896152;0.849441;0.834395;0.807240;0.834587;0.867339;0.841872;0.794858;0.803659;0.794891;0.856330;0.823356;0.858111;0.789938;0.817959;0.798291;0.797627;0.823034;0.805703;0.909160;0.803680;0.870304;0.819221;0.821220;0.824556;0.900112;0.882568;0.925384;0.873952;0.862136;0.866667;0.850707;0.764672;0.771582;0.851328;0.876584;0.731306;0.728965;0.862802;0.903056;0.896276;0.852660;0.754262;0.744352;0.740203;0.771862;0.753692;0.746733;0.762981;0.809249;0.780798;0.784527;0.814089;0.804757;0.749772;0.839986;0.787717;0.978198;0.986907;0.860852;0.807406;0.776766;0.963095
ID2;0.717722;0.353806;0.000000;0.615027;0.796161;0.782184;0.869960;0.864276;0.771801;0.786629;0.898191;0.815199;0.839168;0.840291;0.932656;0.881469;0.788331;0.786600;0.884241;0.872000;0.892632;0.845229;0.811676;0.826149;0.799438;0.913783;0.809849;0.812289;0.807557;0.832750;0.814258;0.839642;0.835683;0.889456;0.871993;0.821354;0.819690;0.886550;0.828079;0.814472;0.780466;0.816268;0.868808;0.834544;0.790434;0.798544;0.772031;0.841745;0.814593;0.853100;0.790989;0.800524;0.785720;0.793333;0.807563;0.818767;0.902010;0.800212;0.869385;0.811257;0.818183;0.789979;0.891508;0.858777;0.916527;0.864304;0.850750;0.846347;0.835208;0.737935;0.752455;0.829897;0.881304;0.736963;0.751227;0.840208;0.889432;0.892407;0.856407;0.732573;0.733853;0.743037;0.738390;0.721524;0.721595;0.743304;0.783260;0.761084;0.758146;0.813048;0.782135;0.737084;0.826770;0.764993;0.961895;0.971927;0.846239;0.778199;0.772686;0.939064
ID3;0.854374;0.587883;0.615027;0.000000;0.897009;0.844658;0.932832;0.874338;0.889237;0.873390;0.939476;0.886923;0.878320;0.881761;0.885046;0.921729;0.802459;0.812497;0.869320;0.868714;0.925723;0.881159;0.846737;0.846923;0.823264;0.936680;0.889420;0.882777;0.846673;0.837486;0.846819;0.869335;0.888072;0.956027;0.949730;0.868311;0.856845;0.867889;0.913904;0.889097;0.864916;0.867190;0.900166;0.867713;0.841420;0.831332;0.838239;0.888395;0.840483;0.851718;0.820823;0.857929;0.824223;0.808661;0.848040;0.838049;0.942236;0.848272;0.827514;0.840964;0.829947;0.868069;0.941780;0.916236;0.954737;0.927128;0.926135;0.932636;0.878806;0.785613;0.841094;0.891426;0.943709;0.782705;0.789001;0.892636;0.948784;0.938585;0.862969;0.810768;0.831620;0.819804;0.841111;0.821791;0.817721;0.855641;0.859486;0.816868;0.851806;0.901708;0.863565;0.807015;0.860869;0.862956;0.977176;0.987355;0.894705;0.852329;0.826058;0.973342
ID4;0.816281;0.814420;0.796161;0.897009;0.000000;0.771773;0.783315;0.835083;0.446067;0.478435;0.854332;0.763239;0.808099;0.787086;0.916269;0.847885;0.779870;0.787098;0.835314;0.805218;0.859058;0.796780;0.786212;0.771217;0.754594;0.906466;0.754585;0.753876;0.765945;0.781749;0.724981;0.796560;0.758123;0.823532;0.803307;0.760959;0.781865;0.815564;0.745908;0.731166;0.757774;0.793540;0.889271;0.849186;0.820935;0.788921;0.755552;0.843372;0.811968;0.879100;0.803024;0.843449;0.743833;0.784166;0.811243;0.864402;0.911286;0.752808;0.880659;0.836586;0.840400;0.783324;0.909518;0.884745;0.914628;0.855511;0.821664;0.825461;0.811836;0.752298;0.786638;0.857167;0.877499;0.788666;0.831959;0.827339;0.909216;0.887495;0.862530;0.803305;0.772909;0.781577;0.789889;0.728206;0.713892;0.737086;0.757285;0.756518;0.789768;0.771393;0.803892;0.779058;0.787220;0.696580;0.959985;0.982519;0.858896;0.770741;0.741594;0.952979
ID5;0.865515;0.776032;0.782184;0.844658;0.771773;0.000000;0.660753;0.701476;0.756867;0.737520;0.877350;0.720659;0.789017;0.760345;0.865735;0.857818;0.719918;0.740656;0.852722;0.865520;0.566521;0.633271;0.728640;0.827019;0.790381;0.912102;0.697023;0.721957;0.691522;0.810968;0.718628;0.753761;0.590095;0.806327;0.794821;0.740911;0.712431;0.856574;0.764148;0.788416;0.753178;0.805854;0.889952;0.853853;0.834562;0.729756;0.740795;0.818633;0.848249;0.854882;0.797221;0.856946;0.735844;0.745685;0.851090;0.869033;0.930634;0.773112;0.857763;0.844685;0.800974;0.849293;0.915385;0.904918;0.931689;0.885711;0.867181;0.865692;0.843555;0.782685;0.781245;0.893689;0.884087;0.757518;0.768326;0.879733;0.913417;0.876136;0.838843;0.803758;0.784878;0.766525;0.807231;0.793897;0.729383;0.770264;0.763874;0.709331;0.810889;0.795354;0.828362;0.778312;0.775274;0.713812;0.976901;0.988695;0.866856;0.787014;0.673637;0.973716
ID6;0.877105;0.883941;0.869960;0.932832;0.783315;0.660753;0.000000;0.319676;0.780643;0.713612;0.884541;0.622490;0.615085;0.588220;0.676850;0.883024;0.671924;0.679333;0.756787;0.836607;0.724109;0.255778;0.825822;0.756760;0.829044;0.923362;0.628409;0.625035;0.699712;0.763110;0.762784;0.631432;0.429992;0.436361;0.585455;0.680699;0.679843;0.733550;0.716790;0.767384;0.829133;0.799184;0.922852;0.884799;0.883395;0.678885;0.668045;0.728611;0.877382;0.920090;0.863971;0.907847;0.681224;0.816839;0.865304;0.915659;0.894920;0.866664;0.917810;0.879287;0.860187;0.893664;0.886773;0.938887;0.954380;0.827441;0.862256;0.824391;0.855833;0.748378;0.840957;0.934257;0.827976;0.807972;0.866969;0.925392;0.881661;0.839116;0.897171;0.833357;0.822209;0.817664;0.854062;0.827261;0.787836;0.853346;0.801591;0.747601;0.850768;0.736125;0.879843;0.810961;0.656052;0.706980;0.970547;0.992850;0.902250;0.848419;0.736716;0.975366
ID7;0.896693;0.881931;0.864276;0.874338;0.835083;0.701476;0.319676;0.000000;0.827747;0.707284;0.926149;0.664354;0.545419;0.612415;0.718003;0.923973;0.668585;0.678471;0.813146;0.907311;0.781813;0.226616;0.810379;0.729986;0.785479;0.941830;0.679991;0.648559;0.719207;0.780129;0.769772;0.597453;0.366443;0.453739;0.611193;0.680970;0.690969;0.783051;0.780874;0.816920;0.858871;0.742111;0.933202;0.882554;0.876053;0.668109;0.669940;0.746153;0.869599;0.886594;0.884796;0.919321;0.635251;0.803666;0.873827;0.906746;0.876796;0.896404;0.853185;0.871203;0.834098;0.915644;0.856773;0.961690;0.962357;0.822900;0.914795;0.864494;0.861039;0.667485;0.865981;0.956219;0.759692;0.812068;0.858473;0.941466;0.842758;0.829394;0.880302;0.832416;0.859372;0.852044;0.884467;0.832605;0.799792;0.871946;0.818439;0.722646;0.877741;0.763337;0.908711;0.820648;0.570231;0.749677;0.979420;0.982108;0.906478;0.864238;0.745870;0.980756
ID8;0.835053;0.808733;0.771801;0.889237;0.446067;0.756867;0.780643;0.827747;0.000000;0.483779;0.869635;0.756569;0.813089;0.794411;0.925244;0.861423;0.757100;0.762497;0.847487;0.827124;0.846816;0.787031;0.800016;0.774444;0.767359;0.904455;0.744592;0.755801;0.765008;0.774620;0.769522;0.791250;0.742931;0.816034;0.796785;0.771592;0.791820;0.817490;0.728665;0.728895;0.727904;0.795181;0.890203;0.853232;0.828315;0.791262;0.748160;0.826083;0.826359;0.887047;0.799243;0.839051;0.743766;0.799168;0.819189;0.869584;0.898061;0.748802;0.903858;0.839429;0.829939;0.738562;0.893013;0.855554;0.910703;0.838876;0.812105;0.801073;0.819715;0.727459;0.747941;0.841422;0.870706;0.765340;0.823089;0.792438;0.898406;0.874206;0.877875;0.769212;0.742605;0.757720;0.749891;0.698790;0.674706;0.704075;0.736577;0.721764;0.767585;0.764361;0.778345;0.753412;0.777701;0.672698;0.955655;0.976302;0.846210;0.769934;0.730666;0.938330
ID9;0.829809;0.794275;0.786629;0.873390;0.478435;0.737520;0.713612;0.707284;0.483779;0.000000;0.887560;0.695435;0.691993;0.730558;0.876905;0.868032;0.663202;0.686522;0.830041;0.847173;0.846374;0.671555;0.753212;0.692421;0.727170;0.910705;0.687770;0.653277;0.714745;0.718058;0.708395;0.681422;0.635509;0.703072;0.676820;0.683537;0.731489;0.818119;0.700736;0.720579;0.766803;0.745214;0.899560;0.850096;0.821925;0.714646;0.682382;0.791636;0.812765;0.867447;0.817423;0.853311;0.636917;0.762143;0.814367;0.855704;0.874065;0.765050;0.871252;0.838873;0.808993;0.779995;0.861472;0.900356;0.924232;0.820874;0.842251;0.799851;0.763594;0.642495;0.788252;0.883788;0.795697;0.733398;0.790391;0.826271;0.861334;0.838647;0.857342;0.770799;0.771468;0.766945;0.799951;0.728322;0.702332;0.759363;0.743876;0.675610;0.794311;0.715771;0.825082;0.741248;0.663513;0.660049;0.973470;0.979847;0.861284;0.789672;0.694146;0.967713
ID10;0.927580;0.905818;0.898191;0.939476;0.854332;0.877350;0.884541;0.926149;0.869635;0.887560;0.000000;0.883859;0.902794;0.891498;0.943840;0.253648;0.903551;0.897262;0.898120;0.876522;0.918008;0.911216;0.869839;0.832051;0.890804;0.622935;0.883214;0.876385;0.894520;0.785712;0.903822;0.900480;0.886330;0.951496;0.942585;0.892278;0.887762;0.912104;0.779779;0.795355;0.865830;0.916964;0.593373;0.624102;0.751455;0.902984;0.875027;0.894777;0.710350;0.933727;0.828024;0.902192;0.882929;0.872741;0.784703;0.770257;0.949746;0.867630;0.927798;0.752837;0.898344;0.884699;0.953014;0.873516;0.882472;0.895361;0.895312;0.873780;0.895626;0.881502;0.857413;0.898400;0.942569;0.890859;0.897267;0.901096;0.954826;0.911827;0.920234;0.874069;0.859151;0.867807;0.859289;0.877908;0.872971;0.888292;0.901147;0.892740;0.882703;0.879385;0.882316;0.888557;0.891666;0.850817;0.978982;0.991536;0.678549;0.807086;0.855214;0.962181
ID11;0.841109;0.824591;0.815199;0.886923;0.763239;0.720659;0.622490;0.664354;0.756569;0.695435;0.883859;0.000000;0.361896;0.345798;0.761694;0.879991;0.618665;0.677478;0.800258;0.861142;0.800460;0.609001;0.728713;0.722827;0.757886;0.909812;0.244077;0.299624;0.339919;0.709033;0.470490;0.344405;0.653361;0.636543;0.644045;0.424735;0.371427;0.751118;0.718567;0.738056;0.785834;0.719296;0.890048;0.840302;0.827298;0.615617;0.655347;0.698970;0.816089;0.862313;0.814754;0.867147;0.641368;0.754662;0.815519;0.874086;0.893959;0.779191;0.859663;0.839359;0.813660;0.871029;0.863032;0.927404;0.938086;0.842556;0.843684;0.811947;0.808805;0.714428;0.810709;0.914220;0.822839;0.738938;0.785144;0.900134;0.865371;0.825881;0.836956;0.789280;0.784934;0.771077;0.828566;0.758573;0.702002;0.777568;0.748115;0.681034;0.815728;0.746813;0.856225;0.760431;0.609584;0.648120;0.989958;0.991635;0.869400;0.804320;0.636856;0.978056
ID12;0.860975;0.849872;0.839168;0.878320;0.808099;0.789017;0.615085;0.545419;0.813089;0.691993;0.902794;0.361896;0.000000;0.323693;0.735246;0.905143;0.643677;0.694887;0.796477;0.876907;0.873184;0.571900;0.745947;0.680139;0.743471;0.928882;0.428633;0.348140;0.469269;0.724185;0.538836;0.306953;0.633401;0.595242;0.641445;0.431105;0.423895;0.758896;0.766646;0.778549;0.845544;0.714543;0.911637;0.860567;0.846437;0.648729;0.678008;0.737074;0.816433;0.863537;0.857193;0.887793;0.631532;0.785690;0.827062;0.883672;0.861042;0.827242;0.835808;0.854185;0.825959;0.896622;0.827321;0.941699;0.949316;0.803461;0.878498;0.818235;0.821208;0.670274;0.853766;0.930541;0.773967;0.773036;0.804407;0.920183;0.833332;0.810193;0.849646;0.810390;0.830823;0.818458;0.866741;0.790090;0.773630;0.836736;0.794163;0.714641;0.852634;0.763123;0.892382;0.798671;0.585577;0.716029;0.990335;0.991306;0.876523;0.822617;0.708191;0.979040
ID13;0.863333;0.850102;0.840291;0.881761;0.787086;0.760345;0.588220;0.612415;0.794411;0.730558;0.891498;0.345798;0.323693;0.000000;0.682842;0.887429;0.652306;0.689780;0.762200;0.859343;0.847470;0.588628;0.765463;0.766134;0.749218;0.920084;0.386296;0.396369;0.417339;0.757435;0.503658;0.369982;0.706518;0.606635;0.703333;0.419565;0.353166;0.739995;0.771287;0.772834;0.820667;0.757010;0.904430;0.856585;0.843165;0.642293;0.685046;0.720625;0.829895;0.865140;0.841190;0.880357;0.689711;0.765095;0.834566;0.877572;0.896774;0.806274;0.852630;0.854769;0.817973;0.878367;0.877823;0.936637;0.944340;0.853885;0.878296;0.860222;0.814103;0.742026;0.831616;0.922555;0.846178;0.768555;0.797763;0.902902;0.891588;0.857883;0.838644;0.801776;0.816714;0.800815;0.850914;0.795073;0.767065;0.836232;0.785759;0.727297;0.841809;0.783828;0.874822;0.787475;0.653983;0.718658;0.983288;0.988228;0.876091;0.821062;0.691676;0.977012
ID14;0.942375;0.930231;0.932656;0.885046;0.916269;0.865735;0.676850;0.718003;0.925244;0.876905;0.943840;0.761694;0.735246;0.682842;0.000000;0.950511;0.787448;0.789576;0.414514;0.750932;0.898937;0.689670;0.859978;0.859381;0.910508;0.946441;0.786295;0.786482;0.827328;0.800035;0.871193;0.773672;0.829255;0.700837;0.771611;0.824548;0.776071;0.347360;0.900699;0.909756;0.940532;0.909588;0.957965;0.939563;0.943621;0.762384;0.800150;0.819918;0.914637;0.965251;0.909155;0.937972;0.835828;0.845316;0.906457;0.927764;0.950390;0.907872;0.960169;0.930117;0.896125;0.946465;0.957347;0.952256;0.974538;0.884990;0.911744;0.910452;0.885649;0.906577;0.903494;0.954368;0.933110;0.867948;0.878944;0.961547;0.964628;0.925804;0.943828;0.888429;0.891890;0.883239;0.917290;0.930829;0.929457;0.950523;0.890947;0.890671;0.920516;0.922770;0.932441;0.893482;0.790642;0.852349;0.924068;0.991487;0.951702;0.932374;0.849265;0.936040
ID15;0.911667;0.882661;0.881469;0.921729;0.847885;0.857818;0.883024;0.923973;0.861423;0.868032;0.253648;0.879991;0.905143;0.887429;0.950511;0.000000;0.880257;0.871484;0.903019;0.881851;0.901245;0.906946;0.857195;0.825484;0.868493;0.594614;0.872145;0.873014;0.875836;0.785897;0.882755;0.895603;0.884705;0.947102;0.937484;0.888211;0.877235;0.912641;0.764771;0.777515;0.836147;0.902183;0.570648;0.590092;0.742847;0.886955;0.858261;0.871817;0.712976;0.907850;0.814877;0.887130;0.874284;0.854106;0.787060;0.752695;0.941414;0.870035;0.914483;0.739891;0.883723;0.878961;0.944089;0.895639;0.882364;0.908589;0.894941;0.896296;0.907189;0.869231;0.841998;0.913297;0.931379;0.859716;0.867730;0.901011;0.944652;0.917698;0.897245;0.858950;0.836540;0.843052;0.845616;0.866201;0.848266;0.858712;0.868248;0.868917;0.850716;0.864063;0.862376;0.854921;0.883787;0.847871;0.974956;0.993636;0.642724;0.780220;0.856207;0.977478
ID16;0.834587;0.798880;0.788331;0.802459;0.779870;0.719918;0.671924;0.668585;0.757100;0.663202;0.903551;0.618665;0.643677;0.652306;0.787448;0.880257;0.000000;0.336223;0.780174;0.824839;0.796927;0.632353;0.758433;0.544403;0.648368;0.849187;0.597194;0.590796;0.597170;0.519402;0.646946;0.606722;0.629157;0.688985;0.672116;0.600693;0.636412;0.779805;0.677507;0.710311;0.761895;0.735979;0.859129;0.798639;0.785851;0.659303;0.639747;0.727117;0.780863;0.847513;0.762765;0.828262;0.621939;0.736863;0.777944;0.823847;0.869645;0.734851;0.841916;0.793571;0.748019;0.862729;0.833024;0.920046;0.933405;0.820278;0.851127;0.811557;0.759970;0.638313;0.768306;0.896086;0.789428;0.653996;0.708585;0.898530;0.841118;0.810785;0.822653;0.734076;0.755045;0.724853;0.795381;0.743009;0.681720;0.780644;0.747004;0.634793;0.785472;0.708010;0.830521;0.690541;0.595511;0.621099;0.978587;0.984365;0.850250;0.789185;0.607116;0.978134
ID17;0.832313;0.807687;0.786600;0.812497;0.787098;0.740656;0.679333;0.678471;0.762497;0.686522;0.897262;0.677478;0.694887;0.689780;0.789576;0.871484;0.336223;0.000000;0.775976;0.804032;0.818506;0.642414;0.780894;0.569616;0.708753;0.850900;0.655585;0.650746;0.665863;0.550901;0.708255;0.655942;0.662617;0.711583;0.707362;0.639628;0.687013;0.794730;0.696451;0.729596;0.762825;0.754522;0.869336;0.805629;0.795767;0.717273;0.669135;0.758551;0.794145;0.863962;0.783368;0.840377;0.675606;0.777575;0.787430;0.833376;0.878676;0.769254;0.867082;0.801036;0.759843;0.866236;0.857233;0.918685;0.933249;0.810733;0.848151;0.809961;0.785260;0.659367;0.755134;0.900019;0.801685;0.674718;0.733260;0.900129;0.847699;0.813289;0.842511;0.729776;0.752550;0.729436;0.775536;0.756459;0.694024;0.782897;0.765319;0.662130;0.762233;0.719600;0.808198;0.698050;0.665796;0.676733;0.956525;0.960275;0.852179;0.795063;0.680578;0.960315
ID18;0.921978;0.893715;0.884241;0.869320;0.835314;0.852722;0.756787;0.813146;0.847487;0.830041;0.898120;0.800258;0.796477;0.762200;0.414514;0.903019;0.780174;0.775976;0.000000;0.551702;0.900194;0.774485;0.818877;0.815814;0.873379;0.935916;0.806224;0.786259;0.828720;0.792921;0.864447;0.799814;0.823011;0.794436;0.806720;0.807572;0.799886;0.397363;0.859953;0.837946;0.895916;0.896322;0.941147;0.922309;0.909290;0.809465;0.769197;0.843918;0.872990;0.944526;0.887862;0.903156;0.805248;0.809258;0.866630;0.906249;0.936011;0.865859;0.949767;0.906326;0.872349;0.865974;0.945172;0.904915;0.958757;0.820124;0.858450;0.835580;0.858044;0.861443;0.851827;0.893931;0.939066;0.844037;0.858469;0.911610;0.958615;0.909586;0.926223;0.836138;0.834446;0.846715;0.845073;0.812537;0.861999;0.850175;0.806753;0.870459;0.864644;0.906403;0.882419;0.866697;0.821421;0.767554;0.949346;0.986416;0.903391;0.875612;0.824141;0.925765
ID19;0.864332;0.888241;0.872000;0.868714;0.805218;0.865520;0.836607;0.907311;0.827124;0.847173;0.876522;0.861142;0.876907;0.859343;0.750932;0.881851;0.824839;0.804032;0.551702;0.000000;0.888394;0.885421;0.834657;0.824583;0.884527;0.921341;0.871424;0.854913;0.889671;0.853684;0.908036;0.885908;0.867317;0.903219;0.866612;0.865001;0.882013;0.578217;0.837262;0.799739;0.835567;0.907430;0.925475;0.914051;0.888970;0.905835;0.829796;0.884526;0.863971;0.939294;0.875157;0.884502;0.854357;0.825831;0.846781;0.897130;0.934097;0.834179;0.956076;0.887687;0.870981;0.831709;0.942553;0.874222;0.923963;0.854691;0.811298;0.819850;0.861136;0.865823;0.824594;0.866778;0.962523;0.843344;0.863876;0.816986;0.958213;0.890602;0.918250;0.832849;0.809019;0.832145;0.810492;0.803574;0.840385;0.813192;0.801636;0.885121;0.811843;0.904002;0.816768;0.840770;0.905463;0.808867;0.912400;0.973475;0.897209;0.824261;0.880362;0.910612
ID20;0.914226;0.887130;0.892632;0.925723;0.859058;0.566521;0.724109;0.781813;0.846816;0.846374;0.918008;0.800460;0.873184;0.847470;0.898937;0.901245;0.796927;0.818506;0.900194;0.888394;0.000000;0.716500;0.822736;0.900495;0.893353;0.931458;0.774690;0.815613;0.769751;0.882350;0.813494;0.834221;0.668378;0.837820;0.831981;0.828481;0.813086;0.899235;0.819128;0.860892;0.819824;0.879907;0.920563;0.914611;0.908889;0.836791;0.836723;0.874109;0.921755;0.913827;0.874771;0.919532;0.832569;0.816877;0.919497;0.922885;0.975435;0.873078;0.922098;0.908717;0.884895;0.901034;0.966423;0.941617;0.945911;0.944598;0.920939;0.926756;0.922842;0.880851;0.857450;0.937306;0.937445;0.863837;0.875034;0.916797;0.961072;0.926788;0.901974;0.896018;0.873345;0.862653;0.882033;0.891728;0.829327;0.858693;0.854671;0.820881;0.884599;0.879649;0.871626;0.869316;0.856469;0.810500;0.991583;0.995188;0.925067;0.876179;0.777658;0.993124
ID21;0.873562;0.861259;0.845229;0.881159;0.796780;0.633271;0.255778;0.226616;0.787031;0.671555;0.911216;0.609001;0.571900;0.588628;0.689670;0.906946;0.632353;0.642414;0.774485;0.885421;0.716500;0.000000;0.792716;0.725237;0.790670;0.929841;0.621054;0.602234;0.679900;0.749311;0.745042;0.576211;0.329796;0.455090;0.570483;0.651551;0.669423;0.760850;0.734143;0.782654;0.825735;0.744242;0.918309;0.866664;0.859365;0.646253;0.649353;0.721635;0.858114;0.884460;0.863406;0.905531;0.613784;0.798089;0.857640;0.895269;0.892049;0.868797;0.866689;0.856096;0.832837;0.898204;0.869551;0.950391;0.955317;0.825284;0.893552;0.840986;0.847939;0.679878;0.847684;0.943046;0.787515;0.788065;0.842715;0.922861;0.857658;0.822590;0.870959;0.826784;0.834425;0.824894;0.869564;0.812729;0.762057;0.841945;0.795487;0.697462;0.862709;0.728753;0.896385;0.796921;0.585365;0.700792;0.987505;0.990411;0.894968;0.838679;0.702734;0.985122
ID22;0.879055;0.801236;0.811676;0.846737;0.786212;0.728640;0.825822;0.810379;0.800016;0.753212;0.869839;0.728713;0.745947;0.765463;0.859978;0.857195;0.758433;0.780894;0.818877;0.834657;0.822736;0.792716;0.000000;0.791751;0.704768;0.930456;0.732357;0.720125;0.730830;0.828369;0.737801;0.750018;0.768468;0.845412;0.824553;0.736653;0.734981;0.828223;0.809438;0.800962;0.788822;0.745123;0.877763;0.849918;0.805540;0.742374;0.745561;0.836630;0.804234;0.843125;0.821813;0.842782;0.714462;0.743137;0.820857;0.815077;0.889648;0.737937;0.824131;0.802012;0.803511;0.844384;0.869464;0.907293;0.948619;0.815842;0.799939;0.793414;0.804401;0.754843;0.728137;0.871245;0.862201;0.706478;0.706257;0.878043;0.880173;0.825558;0.821466;0.739185;0.724312;0.708076;0.753132;0.768529;0.732057;0.767132;0.780593;0.735002;0.754737;0.815304;0.790555;0.723704;0.774333;0.717372;0.973912;0.985737;0.844602;0.777294;0.661265;0.967126
ID23;0.832386;0.838246;0.826149;0.846923;0.771217;0.827019;0.756760;0.729986;0.774444;0.692421;0.832051;0.722827;0.680139;0.766134;0.859381;0.825484;0.544403;0.569616;0.815814;0.824583;0.900495;0.725237;0.791751;0.000000;0.673299;0.669857;0.731997;0.676225;0.763011;0.400197;0.774838;0.709367;0.670391;0.748453;0.701623;0.722971;0.781787;0.820120;0.670180;0.679656;0.801238;0.734528;0.805431;0.758957;0.746922;0.796257;0.765055;0.791211;0.709913;0.876603;0.735885;0.808602;0.709930;0.850253;0.716241;0.785060;0.856069;0.796605;0.863990;0.741577;0.819261;0.860112;0.836466;0.879574;0.882660;0.811958;0.861070;0.796938;0.810414;0.692065;0.812339;0.872191;0.792309;0.739570;0.794970;0.893054;0.843187;0.833148;0.864443;0.779984;0.781385;0.771426;0.814171;0.763638;0.761852;0.802857;0.772896;0.729924;0.803557;0.755144;0.841891;0.752176;0.705023;0.722428;0.976274;0.983434;0.808121;0.744910;0.757892;0.967013
ID24;0.847671;0.801330;0.799438;0.823264;0.754594;0.790381;0.829044;0.785479;0.767359;0.727170;0.890804;0.757886;0.743471;0.749218;0.910508;0.868493;0.648368;0.708753;0.873379;0.884527;0.893353;0.790670;0.704768;0.673299;0.000000;0.897864;0.757374;0.747525;0.729192;0.710192;0.724084;0.754302;0.777638;0.839554;0.824729;0.734387;0.733349;0.870454;0.784971;0.762731;0.774695;0.722681;0.860564;0.809838;0.754013;0.728894;0.732108;0.807365;0.752017;0.818636;0.775557;0.785914;0.710214;0.753410;0.761211;0.795023;0.873474;0.758427;0.784876;0.778178;0.775420;0.830756;0.851372;0.900186;0.939089;0.845749;0.848420;0.846358;0.811761;0.704562;0.778354;0.841967;0.851061;0.708574;0.725362;0.873583;0.876605;0.856740;0.811691;0.741132;0.751013;0.744992;0.794874;0.742702;0.724183;0.771915;0.749846;0.705269;0.785224;0.789028;0.821334;0.729584;0.751480;0.744240;0.977434;0.985222;0.832458;0.754608;0.722214;0.971386
ID25;0.917377;0.915759;0.913783;0.936680;0.906466;0.912102;0.923362;0.941830;0.904455;0.910705;0.622935;0.909812;0.928882;0.920084;0.946441;0.594614;0.849187;0.850900;0.935916;0.921341;0.931458;0.929841;0.930456;0.669857;0.897864;0.000000;0.904736;0.911455;0.909652;0.654438;0.915710;0.921989;0.919570;0.934030;0.930793;0.918120;0.914985;0.934049;0.810511;0.829403;0.881195;0.930895;0.599431;0.591157;0.779708;0.932240;0.924204;0.863821;0.744659;0.954869;0.820570;0.892399;0.926443;0.931512;0.812999;0.789932;0.960892;0.906239;0.962222;0.766645;0.915409;0.925690;0.958250;0.909580;0.886236;0.948899;0.940275;0.942289;0.930607;0.921698;0.902569;0.926117;0.953313;0.891286;0.904876;0.941845;0.963931;0.950580;0.947508;0.907570;0.897997;0.889929;0.903963;0.918774;0.904735;0.912088;0.916778;0.909260;0.904069;0.927684;0.909722;0.889992;0.918529;0.897553;0.991462;0.996113;0.655881;0.840880;0.898764;0.990420
ID26;0.839929;0.822136;0.809849;0.889420;0.754585;0.697023;0.628409;0.679991;0.744592;0.687770;0.883214;0.244077;0.428633;0.386296;0.786295;0.872145;0.597194;0.655585;0.806224;0.871424;0.774690;0.621054;0.732357;0.731997;0.757374;0.904736;0.000000;0.282697;0.292687;0.697520;0.444284;0.349685;0.626142;0.660146;0.655448;0.404276;0.354568;0.776557;0.696082;0.737460;0.773914;0.722481;0.885797;0.837105;0.828629;0.621368;0.641777;0.704999;0.829145;0.860815;0.804541;0.866807;0.642464;0.744196;0.824603;0.871518;0.890523;0.777212;0.856281;0.836638;0.812449;0.872111;0.856596;0.931241;0.941135;0.847207;0.844948;0.822155;0.817882;0.707972;0.801401;0.916172;0.813781;0.727812;0.779021;0.906871;0.853684;0.820853;0.837545;0.788139;0.781218;0.759753;0.825161;0.763862;0.690631;0.784939;0.752413;0.659946;0.815282;0.721796;0.851549;0.750470;0.609277;0.638544;0.989929;0.992929;0.870028;0.801794;0.617295;0.984876
ID27;0.835444;0.826812;0.812289;0.882777;0.753876;0.721957;0.625035;0.648559;0.755801;0.653277;0.876385;0.299624;0.348140;0.396369;0.786482;0.873014;0.590796;0.650746;0.786259;0.854913;0.815613;0.602234;0.720125;0.676225;0.747525;0.911455;0.282697;0.000000;0.352685;0.677076;0.464002;0.318703;0.586757;0.646716;0.628551;0.390608;0.391141;0.768401;0.693999;0.734711;0.797975;0.704938;0.892548;0.839551;0.829763;0.639961;0.645086;0.725996;0.812942;0.862308;0.818844;0.866033;0.618213;0.761596;0.818958;0.869768;0.856997;0.787785;0.847788;0.837148;0.817294;0.876005;0.817203;0.929234;0.943000;0.807723;0.847599;0.795355;0.814162;0.664617;0.808552;0.913028;0.775445;0.734125;0.778202;0.906160;0.816130;0.790469;0.839009;0.786912;0.787840;0.765588;0.830630;0.767046;0.719228;0.804627;0.769188;0.666495;0.820470;0.700422;0.856312;0.760483;0.591804;0.652767;0.985421;0.989710;0.861601;0.783064;0.646500;0.976484
ID28;0.849327;0.817967;0.807557;0.846673;0.765945;0.691522;0.699712;0.719207;0.765008;0.714745;0.894520;0.339919;0.469269;0.417339;0.827328;0.875836;0.597170;0.665863;0.828720;0.889671;0.769751;0.679900;0.730830;0.763011;0.729192;0.909652;0.292687;0.352685;0.000000;0.724806;0.351316;0.395842;0.672976;0.732447;0.725027;0.383650;0.330539;0.821102;0.733390;0.753672;0.775957;0.735694;0.880652;0.830215;0.816929;0.640477;0.660875;0.741018;0.817332;0.842701;0.803316;0.866148;0.660981;0.723311;0.819125;0.849770;0.900600;0.768288;0.829111;0.828984;0.796343;0.878271;0.862793;0.939450;0.943398;0.870849;0.864692;0.855975;0.820592;0.718633;0.805046;0.923196;0.829916;0.728283;0.756983;0.912280;0.870110;0.842356;0.824210;0.788157;0.794288;0.770001;0.835533;0.765404;0.695378;0.790226;0.754719;0.663718;0.825434;0.749396;0.862450;0.755812;0.651346;0.663548;0.992394;0.994055;0.869943;0.800347;0.614258;0.990074
ID29;0.827033;0.845453;0.832750;0.837486;0.781749;0.810968;0.763110;0.780129;0.774620;0.718058;0.785712;0.709033;0.724185;0.757435;0.800035;0.785897;0.519402;0.550901;0.792921;0.853684;0.882350;0.749311;0.828369;0.400197;0.710192;0.654438;0.697520;0.677076;0.724806;0.000000;0.750067;0.711793;0.716100;0.758292;0.746748;0.715544;0.755964;0.785731;0.642370;0.684075;0.793530;0.774151;0.751747;0.714826;0.721631;0.780682;0.762460;0.799831;0.708327;0.887622;0.697620;0.812789;0.730697;0.855775;0.713181;0.752750;0.886006;0.789424;0.880001;0.708777;0.824443;0.881559;0.856765;0.883760;0.867920;0.843648;0.868425;0.832934;0.819588;0.718804;0.817579;0.889547;0.812996;0.729451;0.790101;0.912838;0.851340;0.836368;0.873660;0.793943;0.795004;0.767249;0.830574;0.790766;0.749786;0.822345;0.809756;0.716615;0.821323;0.754105;0.856341;0.747409;0.719423;0.727372;0.986521;0.993108;0.795564;0.747798;0.737464;0.983738
ID30;0.857375;0.819219;0.814258;0.846819;0.724981;0.718628;0.762784;0.769772;0.769522;0.708395;0.903822;0.470490;0.538836;0.503658;0.871193;0.882755;0.646946;0.708255;0.864447;0.908036;0.813494;0.745042;0.737801;0.774838;0.724084;0.915710;0.444284;0.464002;0.351316;0.750067;0.000000;0.485969;0.734291;0.784431;0.777142;0.384917;0.413551;0.859989;0.760982;0.767450;0.795794;0.750593;0.884364;0.834422;0.818559;0.692072;0.714499;0.788980;0.817466;0.825735;0.801364;0.853182;0.698677;0.751667;0.819322;0.836742;0.903673;0.779714;0.810053;0.830865;0.812870;0.880394;0.872032;0.939392;0.930515;0.881438;0.878311;0.870635;0.824932;0.734871;0.817936;0.917587;0.842088;0.737556;0.758785;0.911870;0.879576;0.860218;0.808452;0.794131;0.805246;0.781380;0.840346;0.777489;0.731490;0.811626;0.774551;0.689276;0.830368;0.772128;0.866578;0.767057;0.713101;0.711605;0.989976;0.990198;0.877012;0.812826;0.662902;0.986319
ID31;0.867326;0.848331;0.839642;0.869335;0.796560;0.753761;0.631432;0.597453;0.791250;0.681422;0.900480;0.344405;0.306953;0.369982;0.773672;0.895603;0.606722;0.655942;0.799814;0.885908;0.834221;0.576211;0.750018;0.709367;0.754302;0.921989;0.349685;0.318703;0.395842;0.711793;0.485969;0.000000;0.605724;0.636546;0.634386;0.356378;0.306194;0.785139;0.738999;0.779544;0.830822;0.717676;0.904124;0.853888;0.847132;0.614140;0.632734;0.727138;0.837194;0.863621;0.839203;0.884076;0.603497;0.746724;0.840318;0.879900;0.874919;0.831539;0.833097;0.848092;0.816654;0.895458;0.848018;0.945210;0.950091;0.814542;0.868987;0.821701;0.818061;0.655659;0.840331;0.931665;0.784618;0.757345;0.804140;0.928447;0.845318;0.801121;0.843248;0.799993;0.818128;0.801689;0.859202;0.794805;0.751817;0.835642;0.784533;0.674909;0.849422;0.738115;0.887372;0.783158;0.557246;0.689884;0.992440;0.994836;0.884036;0.836220;0.668877;0.987395
ID32;0.855473;0.854694;0.835683;0.888072;0.758123;0.590095;0.429992;0.366443;0.742931;0.635509;0.886330;0.653361;0.633401;0.706518;0.829255;0.884705;0.629157;0.662617;0.823011;0.867317;0.668378;0.329796;0.768468;0.670391;0.777638;0.919570;0.626142;0.586757;0.672976;0.716100;0.734291;0.605724;0.000000;0.618531;0.586502;0.670556;0.698794;0.817805;0.681005;0.755070;0.796351;0.727191;0.911034;0.859173;0.857472;0.690394;0.648096;0.769858;0.843769;0.898838;0.840546;0.893415;0.593109;0.795477;0.849970;0.898147;0.853957;0.847306;0.875920;0.841963;0.841075;0.878931;0.826465;0.930852;0.940695;0.798509;0.868812;0.801943;0.854967;0.636918;0.814570;0.924384;0.737189;0.774168;0.842424;0.908356;0.805117;0.781903;0.882574;0.813040;0.802626;0.791889;0.834346;0.805005;0.748250;0.823802;0.784734;0.682283;0.832726;0.685151;0.860637;0.778451;0.579758;0.665707;0.967332;0.975344;0.883866;0.818625;0.687039;0.967468
ID33;0.887232;0.902523;0.889456;0.956027;0.823532;0.806327;0.436361;0.453739;0.816034;0.703072;0.951496;0.636543;0.595242;0.606635;0.700837;0.947102;0.688985;0.711583;0.794436;0.903219;0.837820;0.455090;0.845412;0.748453;0.839554;0.934030;0.660146;0.646716;0.732447;0.758292;0.784431;0.636546;0.618531;0.000000;0.394488;0.689459;0.719702;0.778624;0.755350;0.798365;0.859403;0.783008;0.941887;0.907368;0.909207;0.713336;0.728867;0.750312;0.897293;0.935586;0.886029;0.919682;0.696485;0.861234;0.886821;0.942746;0.906372;0.892957;0.944997;0.907496;0.873249;0.918879;0.883910;0.956499;0.949178;0.842241;0.897041;0.845706;0.876092;0.733015;0.890424;0.952913;0.811215;0.832542;0.889529;0.947209;0.877081;0.848286;0.918674;0.868838;0.867883;0.863915;0.897924;0.834293;0.803635;0.864986;0.824676;0.751007;0.890889;0.780364;0.922464;0.844749;0.683486;0.752598;0.987634;0.981941;0.930488;0.897513;0.779910;0.977672
ID34;0.872047;0.888348;0.871993;0.949730;0.803307;0.794821;0.585455;0.611193;0.796785;0.676820;0.942585;0.644045;0.641445;0.703333;0.771611;0.937484;0.672116;0.707362;0.806720;0.866612;0.831981;0.570483;0.824553;0.701623;0.824729;0.930793;0.655448;0.628551;0.725027;0.746748;0.777142;0.634386;0.586502;0.394488;0.000000;0.685617;0.719418;0.789571;0.734208;0.773476;0.840358;0.771636;0.935409;0.900909;0.894340;0.725165;0.712337;0.755929;0.863398;0.928779;0.871448;0.902236;0.669708;0.840457;0.849208;0.932566;0.875769;0.863049;0.946301;0.891661;0.863633;0.887560;0.855306;0.923503;0.937342;0.800242;0.843470;0.775042;0.846867;0.701021;0.863948;0.927551;0.790215;0.814370;0.875482;0.921697;0.847828;0.817281;0.907580;0.840508;0.831469;0.845253;0.866996;0.799139;0.780486;0.828407;0.768954;0.728572;0.860906;0.757109;0.892865;0.822018;0.669516;0.721454;0.939714;0.973308;0.910180;0.862066;0.771828;0.934471
ID35;0.861997;0.827899;0.821354;0.868311;0.760959;0.740911;0.680699;0.680970;0.771592;0.683537;0.892278;0.424735;0.431105;0.419565;0.824548;0.888211;0.600693;0.639628;0.807572;0.865001;0.828481;0.651551;0.736653;0.722971;0.734387;0.918120;0.404276;0.390608;0.383650;0.715544;0.384917;0.356378;0.670556;0.689459;0.685617;0.000000;0.372192;0.824888;0.728567;0.751954;0.808437;0.723659;0.891641;0.838047;0.820954;0.681714;0.668505;0.766812;0.809976;0.820430;0.820384;0.863529;0.638564;0.759662;0.807445;0.856405;0.881848;0.793076;0.805186;0.834589;0.805072;0.886752;0.851275;0.934944;0.939473;0.824617;0.858884;0.816367;0.807696;0.683971;0.825957;0.918440;0.801315;0.736201;0.772257;0.916711;0.858266;0.819293;0.798232;0.789472;0.802844;0.786788;0.840293;0.767348;0.724533;0.807821;0.768628;0.673769;0.827377;0.730684;0.872320;0.766494;0.646907;0.683486;0.990958;0.992208;0.870418;0.817951;0.663765;0.981870
ID36;0.865535;0.825262;0.819690;0.856845;0.781865;0.712431;0.679843;0.690969;0.791820;0.731489;0.887762;0.371427;0.423895;0.353166;0.776071;0.877235;0.636412;0.687013;0.799886;0.882013;0.813086;0.669423;0.734981;0.781787;0.733349;0.914985;0.354568;0.391141;0.330539;0.755964;0.413551;0.306194;0.698794;0.719702;0.719418;0.372192;0.000000;0.785800;0.772107;0.783719;0.808310;0.758318;0.890465;0.840861;0.828505;0.617664;0.656212;0.740414;0.820480;0.840542;0.820763;0.873554;0.671482;0.718167;0.823790;0.858874;0.907666;0.792017;0.815644;0.833376;0.801754;0.881617;0.884961;0.939157;0.943383;0.868172;0.875404;0.866175;0.802305;0.731109;0.812923;0.923746;0.845903;0.741090;0.760192;0.917858;0.888956;0.856395;0.810785;0.788116;0.803784;0.778705;0.839457;0.785847;0.748432;0.824383;0.775290;0.701828;0.832293;0.774547;0.872043;0.769315;0.641065;0.702382;0.979787;0.987270;0.869604;0.814947;0.651162;0.975958
ID37;0.912497;0.896152;0.886550;0.867889;0.815564;0.856574;0.733550;0.783051;0.817490;0.818119;0.912104;0.751118;0.758896;0.739995;0.347360;0.912641;0.779805;0.794730;0.397363;0.578217;0.899235;0.760850;0.828223;0.820120;0.870454;0.934049;0.776557;0.768401;0.821102;0.785731;0.859989;0.785139;0.817805;0.778624;0.789571;0.824888;0.785800;0.000000;0.855545;0.831988;0.884194;0.904761;0.935411;0.916548;0.898268;0.764942;0.763484;0.808009;0.867609;0.942492;0.884258;0.896868;0.804061;0.799702;0.852514;0.897521;0.932349;0.876497;0.947350;0.895396;0.879662;0.880991;0.941183;0.912629;0.948353;0.863751;0.860902;0.865139;0.870751;0.856951;0.860638;0.901654;0.931727;0.841260;0.856242;0.910335;0.952386;0.915840;0.921111;0.845458;0.842160;0.850136;0.857089;0.837879;0.870828;0.859479;0.814045;0.877642;0.853979;0.894276;0.873776;0.856500;0.776339;0.785430;0.949789;0.980480;0.898139;0.867323;0.829599;0.943962
ID38;0.853923;0.849441;0.828079;0.913904;0.745908;0.764148;0.716790;0.780874;0.728665;0.700736;0.779779;0.718567;0.766646;0.771287;0.900699;0.764771;0.677507;0.696451;0.859953;0.837262;0.819128;0.734143;0.809438;0.670180;0.784971;0.810511;0.696082;0.693999;0.733390;0.642370;0.760982;0.738999;0.681005;0.755350;0.734208;0.728567;0.772107;0.855545;0.000000;0.416016;0.561484;0.789636;0.796583;0.776472;0.763439;0.768678;0.715024;0.786464;0.776020;0.902009;0.742397;0.837471;0.705747;0.803412;0.773639;0.809743;0.885436;0.810312;0.915475;0.775542;0.843817;0.842770;0.869675;0.864632;0.844199;0.841047;0.839934;0.804974;0.854575;0.719765;0.799105;0.881645;0.828651;0.766259;0.823885;0.878849;0.860779;0.832665;0.883744;0.799093;0.778480;0.780703;0.805622;0.767637;0.712464;0.778598;0.763696;0.702813;0.798392;0.722356;0.819719;0.762734;0.730924;0.696539;0.965091;0.963810;0.808797;0.728474;0.730552;0.963994
ID39;0.859796;0.834395;0.814472;0.889097;0.731166;0.788416;0.767384;0.816920;0.728895;0.720579;0.795355;0.738056;0.778549;0.772834;0.909756;0.777515;0.710311;0.729596;0.837946;0.799739;0.860892;0.782654;0.800962;0.679656;0.762731;0.829403;0.737460;0.734711;0.753672;0.684075;0.767450;0.779544;0.755070;0.798365;0.773476;0.751954;0.783719;0.831988;0.416016;0.000000;0.585350;0.794122;0.808056;0.778102;0.747473;0.782677;0.739880;0.783959;0.748631;0.878241;0.752157;0.818709;0.733851;0.796960;0.752416;0.801396;0.887110;0.794658;0.895503;0.773122;0.826858;0.812267;0.881507;0.853972;0.854844;0.840888;0.836493;0.812977;0.827176;0.734816;0.792008;0.853255;0.860545;0.763432;0.804178;0.848999;0.882977;0.859684;0.858344;0.780928;0.772256;0.784281;0.793231;0.737436;0.718009;0.764905;0.739707;0.733232;0.782217;0.770339;0.808385;0.760416;0.766115;0.712497;0.957959;0.972171;0.790225;0.710217;0.750686;0.950622
ID40;0.859308;0.807240;0.780466;0.864916;0.757774;0.753178;0.829133;0.858871;0.727904;0.766803;0.865830;0.785834;0.845544;0.820667;0.940532;0.836147;0.761895;0.762825;0.895916;0.835567;0.819824;0.825735;0.788822;0.801238;0.774695;0.881195;0.773914;0.797975;0.775957;0.793530;0.795794;0.830822;0.796351;0.859403;0.840358;0.808437;0.808310;0.884194;0.561484;0.585350;0.000000;0.821581;0.855427;0.836217;0.794373;0.806661;0.759467;0.821566;0.823917;0.862621;0.775117;0.826168;0.775128;0.776885;0.820861;0.844752;0.911106;0.775432;0.885644;0.821905;0.816037;0.791257;0.903138;0.850583;0.874456;0.867674;0.822751;0.832654;0.854506;0.762787;0.744684;0.847209;0.894915;0.757579;0.789666;0.837891;0.900341;0.871287;0.851006;0.780178;0.742800;0.757043;0.759616;0.745778;0.678711;0.707933;0.739041;0.733415;0.753050;0.794743;0.750706;0.742704;0.809974;0.731284;0.940645;0.954596;0.840530;0.732502;0.749703;0.945461
ID41;0.728184;0.834587;0.816268;0.867190;0.793540;0.805854;0.799184;0.742111;0.795181;0.745214;0.916964;0.719296;0.714543;0.757010;0.909588;0.902183;0.735979;0.754522;0.896322;0.907430;0.879907;0.744242;0.745123;0.734528;0.722681;0.930895;0.722481;0.704938;0.735694;0.774151;0.750593;0.717676;0.727191;0.783008;0.771636;0.723659;0.758318;0.904761;0.789636;0.794122;0.821581;0.000000;0.905075;0.859038;0.838824;0.744039;0.736865;0.815874;0.838193;0.842193;0.844995;0.888222;0.697648;0.819417;0.842381;0.868375;0.919083;0.841511;0.821052;0.845240;0.829928;0.878932;0.890370;0.941673;0.942809;0.872919;0.879144;0.857311;0.845306;0.738133;0.833936;0.931486;0.831299;0.774217;0.813884;0.906104;0.872628;0.862732;0.848160;0.804489;0.806665;0.801117;0.848532;0.783658;0.748044;0.822829;0.809273;0.726705;0.842765;0.780338;0.880765;0.784483;0.759295;0.773511;0.988536;0.985895;0.877234;0.761017;0.748926;0.975399
ID42;0.886156;0.867339;0.868808;0.900166;0.889271;0.889952;0.922852;0.933202;0.890203;0.899560;0.593373;0.890048;0.911637;0.904430;0.957965;0.570648;0.859129;0.869336;0.941147;0.925475;0.920563;0.918309;0.877763;0.805431;0.860564;0.599431;0.885797;0.892548;0.880652;0.751747;0.884364;0.904124;0.911034;0.941887;0.935409;0.891641;0.890465;0.935411;0.796583;0.808056;0.855427;0.905075;0.000000;0.325299;0.475504;0.890341;0.883271;0.879486;0.478560;0.906262;0.740053;0.813058;0.884937;0.883842;0.560295;0.503606;0.942408;0.855945;0.909205;0.486387;0.883326;0.900006;0.914637;0.877412;0.858792;0.928476;0.900345;0.926221;0.894147;0.886469;0.863138;0.865265;0.931280;0.839849;0.840129;0.911485;0.937589;0.933830;0.890943;0.866108;0.856343;0.840827;0.866769;0.886807;0.866529;0.870899;0.886263;0.878300;0.859132;0.902210;0.872368;0.844844;0.887797;0.866685;0.985104;0.987279;0.640717;0.778218;0.848484;0.981334
