;ID0;ID1;ID2;ID3;ID4;ID5;ID6;ID7;ID8;ID9;ID10;ID11;ID12;ID13;ID14;ID15;ID16;ID17;ID18;ID19;ID20;ID21;ID22;ID23;ID24;ID25;ID26;ID27;ID28;ID29;ID30;ID31;ID32;ID33
ID0;0.000000;0.995670;0.996111;0.981309;0.990686;0.993630;0.992305;0.991770;0.991126;0.995109;0.991774;0.977612;0.995804;0.997397;0.969600;0.991742;0.975881;0.995467;0.986651;0.988536;0.986247;0.990132;0.967648;0.996412;0.988746;0.994500;0.982262;0.995111;0.984538;0.995145;0.996209;0.991924;0.988816;0.994721
ID1;0.995670;0.000000;0.985408;0.993115;0.982451;0.995623;0.990755;0.995609;0.982713;0.998245;0.966650;0.991875;0.997199;0.993270;0.995847;0.984738;0.993493;0.985747;0.996186;0.991894;0.990559;0.965362;0.990326;0.907204;0.994980;0.992483;0.994768;0.989120;0.996925;0.970938;0.996063;0.991114;0.993033;0.960870
ID2;0.996111;0.985408;0.000000;0.994592;0.990270;0.998156;0.993988;0.997687;0.987950;0.998160;0.929173;0.990900;0.998828;0.996505;0.995700;0.988303;0.993642;0.993586;0.995462;0.995276;0.995311;0.987552;0.989073;0.990565;0.995184;0.996582;0.991862;0.989669;0.998629;0.994831;0.998573;0.993121;0.996060;0.960911
ID3;0.981309;0.993115;0.994592;0.000000;0.983966;0.991715;0.986634;0.991265;0.985677;0.996257;0.988513;0.985754;0.994714;0.995892;0.985267;0.986174;0.977016;0.987616;0.992260;0.985521;0.984752;0.989208;0.985772;0.994176;0.988683;0.990536;0.983988;0.996756;0.995342;0.991845;0.994252;0.987794;0.986840;0.993134
ID4;0.990686;0.982451;0.990270;0.983966;0.000000;0.990859;0.973302;0.991532;0.978369;0.997017;0.976987;0.988437;0.994969;0.991387;0.990853;0.968960;0.982737;0.983312;0.991819;0.980692;0.982317;0.983741;0.989469;0.987862;0.987520;0.983159;0.983782;0.994102;0.996392;0.984194;0.992265;0.977022;0.991641;0.983830
ID5;0.993630;0.995623;0.998156;0.991715;0.990859;0.000000;0.992413;0.991624;0.989714;0.997989;0.995618;0.995200;0.993850;0.995964;0.994909;0.993615;0.991534;0.992710;0.996837;0.989453;0.990215;0.992705;0.993385;0.995827;0.995039;0.992017;0.995761;0.999077;0.993716;0.992510;0.991405;0.994369;0.993476;0.996855
ID6;0.992305;0.990755;0.993988;0.986634;0.973302;0.992413;0.000000;0.991191;0.986047;0.997479;0.984785;0.990887;0.995690;0.995122;0.992901;0.981792;0.986474;0.988200;0.993559;0.984648;0.986043;0.989492;0.992290;0.994249;0.988620;0.983932;0.988397;0.996842;0.996876;0.989702;0.991912;0.979714;0.993699;0.991275
ID7;0.991770;0.995609;0.997687;0.991265;0.991532;0.991624;0.991191;0.000000;0.992101;0.995936;0.994286;0.994193;0.996144;0.997372;0.993350;0.993439;0.990356;0.994399;0.995517;0.989982;0.989800;0.993191;0.993699;0.996629;0.991239;0.992813;0.994017;0.998618;0.996204;0.994687;0.993863;0.993222;0.994083;0.995969
ID8;0.991126;0.982713;0.987950;0.985677;0.978369;0.989714;0.986047;0.992101;0.000000;0.997173;0.979818;0.985925;0.993781;0.990649;0.991609;0.980133;0.987394;0.982603;0.994683;0.984507;0.986329;0.978841;0.973534;0.985893;0.992709;0.987967;0.990533;0.995641;0.993283;0.984083;0.992373;0.987239;0.990307;0.987198
ID9;0.995109;0.998245;0.998160;0.996257;0.997017;0.997989;0.997479;0.995936;0.997173;0.000000;0.996799;0.993419;0.998779;0.999024;0.991380;0.997226;0.995445;0.998296;0.997705;0.997058;0.996605;0.996509;0.989223;0.998368;0.992461;0.998067;0.996187;0.998572;0.998311;0.998268;0.998715;0.997224;0.997060;0.997411
ID10;0.991774;0.966650;0.929173;0.988513;0.976987;0.995618;0.984785;0.994286;0.979818;0.996799;0.000000;0.988248;0.997467;0.993736;0.991798;0.976177;0.985431;0.987368;0.990932;0.986774;0.987692;0.971835;0.987102;0.969321;0.988766;0.991021;0.982327;0.982104;0.997801;0.986519;0.996303;0.982425;0.992176;0.934466
ID11;0.977612;0.991875;0.990900;0.985754;0.988437;0.995200;0.990887;0.994193;0.985925;0.993419;0.988248;0.000000;0.996524;0.996762;0.951633;0.989329;0.982304;0.992270;0.993753;0.992283;0.990358;0.986125;0.964290;0.994967;0.987126;0.994540;0.985177;0.994339;0.993361;0.994694;0.997122;0.991284;0.991740;0.992561
ID12;0.995804;0.997199;0.998828;0.994714;0.994969;0.993850;0.995690;0.996144;0.993781;0.998779;0.997467;0.996524;0.000000;0.997312;0.995865;0.995949;0.995340;0.995435;0.998098;0.994162;0.994821;0.995920;0.994211;0.997499;0.997523;0.995206;0.997119;0.999437;0.994842;0.995280;0.995111;0.996880;0.996046;0.998116
ID13;0.997397;0.993270;0.996505;0.995892;0.991387;0.995964;0.995122;0.997372;0.990649;0.999024;0.993736;0.996762;0.997312;0.000000;0.997298;0.988996;0.996062;0.992915;0.998005;0.994643;0.995485;0.993516;0.995630;0.994414;0.996634;0.995108;0.996821;0.998580;0.997819;0.993589;0.997036;0.995030;0.996279;0.995018
ID14;0.969600;0.995847;0.995700;0.985267;0.990853;0.994909;0.992901;0.993350;0.991609;0.991380;0.991798;0.951633;0.995865;0.997298;0.000000;0.990856;0.983497;0.994804;0.991873;0.990908;0.988615;0.988373;0.952483;0.996021;0.985727;0.995091;0.983825;0.993541;0.982645;0.995073;0.996958;0.992355;0.991013;0.994355
ID15;0.991742;0.984738;0.988303;0.986174;0.968960;0.993615;0.981792;0.993439;0.980133;0.997226;0.976177;0.989329;0.995949;0.988996;0.990856;0.000000;0.985277;0.984713;0.992383;0.984606;0.985943;0.984688;0.988390;0.987301;0.989419;0.987442;0.983138;0.993402;0.996826;0.987113;0.994608;0.980645;0.992355;0.984103
ID16;0.975881;0.993493;0.993642;0.977016;0.982737;0.991534;0.986474;0.990356;0.987394;0.995445;0.985431;0.982304;0.995340;0.996062;0.983497;0.985277;0.000000;0.992543;0.988525;0.984532;0.980402;0.988155;0.986607;0.994243;0.984009;0.991622;0.974416;0.994088;0.996784;0.992384;0.995126;0.985469;0.988242;0.991945
ID17;0.995467;0.985747;0.993586;0.987616;0.983312;0.992710;0.988200;0.994399;0.982603;0.998296;0.987368;0.992270;0.995435;0.992915;0.994804;0.984713;0.992543;0.000000;0.997039;0.991007;0.992049;0.988066;0.991657;0.989015;0.994744;0.989909;0.994954;0.997614;0.994120;0.988595;0.993552;0.991113;0.992980;0.987974
ID18;0.986651;0.996186;0.995462;0.992260;0.991819;0.996837;0.993559;0.995517;0.994683;0.997705;0.990932;0.993753;0.998098;0.998005;0.991873;0.992383;0.988525;0.997039;0.000000;0.988752;0.990662;0.993306;0.992394;0.996738;0.992360;0.995790;0.984645;0.995144;0.997806;0.996186;0.997716;0.992423;0.995111;0.995382
ID19;0.988536;0.991894;0.995276;0.985521;0.980692;0.989453;0.984648;0.989982;0.984507;0.997058;0.986774;0.992283;0.994162;0.994643;0.990908;0.984606;0.984532;0.991007;0.988752;0.000000;0.979851;0.985895;0.990160;0.993126;0.990071;0.986871;0.986992;0.997037;0.995358;0.988403;0.991335;0.986108;0.992619;0.993419
ID20;0.986247;0.990559;0.995311;0.984752;0.982317;0.990215;0.986043;0.989800;0.986329;0.996605;0.987692;0.990358;0.994821;0.995485;0.988615;0.985943;0.980402;0.992049;0.990662;0.979851;0.000000;0.984450;0.988329;0.993820;0.988181;0.988544;0.985403;0.996743;0.995885;0.989907;0.992600;0.985887;0.991797;0.993257
ID21;0.990132;0.965362;0.987552;0.989208;0.983741;0.992705;0.989492;0.993191;0.978841;0.996509;0.971835;0.986125;0.995920;0.993516;0.988373;0.984688;0.988155;0.988066;0.993306;0.985895;0.984450;0.000000;0.975564;0.970247;0.991690;0.991041;0.989216;0.985958;0.994394;0.985596;0.994898;0.988561;0.991403;0.979360
ID22;0.967648;0.990326;0.989073;0.985772;0.989469;0.993385;0.992290;0.993699;0.973534;0.989223;0.987102;0.964290;0.994211;0.995630;0.952483;0.988390;0.986607;0.991657;0.992394;0.990160;0.988329;0.975564;0.000000;0.984582;0.991612;0.994029;0.988010;0.993386;0.978375;0.990641;0.996067;0.992473;0.988548;0.992728
ID23;0.996412;0.907204;0.990565;0.994176;0.987862;0.995827;0.994249;0.996629;0.985893;0.998368;0.969321;0.994967;0.997499;0.994414;0.996021;0.987301;0.994243;0.989015;0.996738;0.993126;0.993820;0.970247;0.984582;0.000000;0.996245;0.994997;0.995234;0.981314;0.996907;0.969777;0.997241;0.993013;0.994755;0.969477
ID24;0.988746;0.994980;0.995184;0.988683;0.987520;0.995039;0.988620;0.991239;0.992709;0.992461;0.988766;0.987126;0.997523;0.996634;0.985727;0.989419;0.984009;0.994744;0.992360;0.990071;0.988181;0.991690;0.991612;0.996245;0.000000;0.991689;0.985250;0.995339;0.994513;0.995241;0.995158;0.986404;0.993667;0.993244
ID25;0.994500;0.992483;0.996582;0.990536;0.983159;0.992017;0.983932;0.992813;0.987967;0.998067;0.991021;0.994540;0.995206;0.995108;0.995091;0.987442;0.991622;0.989909;0.995790;0.986871;0.988544;0.991041;0.994029;0.994997;0.991689;0.000000;0.993586;0.998457;0.996328;0.990412;0.990225;0.985315;0.994694;0.994465
ID26;0.982262;0.994768;0.991862;0.983988;0.983782;0.995761;0.988397;0.994017;0.990533;0.996187;0.982327;0.985177;0.997119;0.996821;0.983825;0.983138;0.974416;0.994954;0.984645;0.986992;0.985403;0.989216;0.988010;0.995234;0.985250;0.993586;0.000000;0.988102;0.998014;0.994591;0.997110;0.985330;0.986510;0.991932
ID27;0.995111;0.989120;0.989669;0.996756;0.994102;0.999077;0.996842;0.998618;0.995641;0.998572;0.982104;0.994339;0.999437;0.998580;0.993541;0.993402;0.994088;0.997614;0.995144;0.997037;0.996743;0.985958;0.993386;0.981314;0.995339;0.998457;0.988102;0.000000;0.998342;0.996441;0.999412;0.995059;0.997985;0.988480
ID28;0.984538;0.996925;0.998629;0.995342;0.996392;0.993716;0.996876;0.996204;0.993283;0.998311;0.997801;0.993361;0.994842;0.997819;0.982645;0.996826;0.996784;0.994120;0.997806;0.995358;0.995885;0.994394;0.978375;0.996907;0.994513;0.996328;0.998014;0.998342;0.000000;0.995299;0.995684;0.997836;0.996496;0.997875
ID29;0.995145;0.970938;0.994831;0.991845;0.984194;0.992510;0.989702;0.994687;0.984083;0.998268;0.986519;0.994694;0.995280;0.993589;0.995073;0.987113;0.992384;0.988595;0.996186;0.988403;0.989907;0.985596;0.990641;0.969777;0.995241;0.990412;0.994591;0.996441;0.995299;0.000000;0.993970;0.990603;0.994261;0.988926
ID30;0.996209;0.996063;0.998573;0.994252;0.992265;0.991405;0.991912;0.993863;0.992373;0.998715;0.996303;0.997122;0.995111;0.997036;0.996958;0.994608;0.995126;0.993552;0.997716;0.991335;0.992600;0.994898;0.996067;0.997241;0.995158;0.990225;0.997110;0.999412;0.995684;0.993970;0.000000;0.993954;0.996391;0.997603
ID31;0.991924;0.991114;0.993121;0.987794;0.977022;0.994369;0.979714;0.993222;0.987239;0.997224;0.982425;0.991284;0.996880;0.995030;0.992355;0.980645;0.985469;0.991113;0.992423;0.986108;0.985887;0.988561;0.992473;0.993013;0.986404;0.985315;0.985330;0.995059;0.997836;0.990603;0.993954;0.000000;0.993615;0.990229
ID32;0.988816;0.993033;0.996060;0.986840;0.991641;0.993476;0.993699;0.994083;0.990307;0.997060;0.992176;0.991740;0.996046;0.996279;0.991013;0.992355;0.988242;0.992980;0.995111;0.992619;0.991797;0.991403;0.988548;0.994755;0.993667;0.994694;0.986510;0.997985;0.996496;0.994261;0.996391;0.993615;0.000000;0.989678
ID33;0.994721;0.960870;0.960911;0.993134;0.983830;0.996855;0.991275;0.995969;0.987198;0.997411;0.934466;0.992561;0.998116;0.995018;0.994355;0.984103;0.991945;0.987974;0.995382;0.993419;0.993257;0.979360;0.992728;0.969477;0.993244;0.994465;0.991932;0.988480;0.997875;0.988926;0.997603;0.990229;0.989678;0.000000
